260969121
260984805
257397308
257557322
259202427
258109227
257329799
258563031
261199994
257434605
257470637
259730291
258321218
257709460
260922856
261194232
260898606
257387271
259146977
260875838
259440367
257754597
259478038
257509515
259357006
259144074
260014474
257358280
258659131
257841053
261407028
257371413
261352532
257479809
261293739
261323396
261182108
257586069
259072216
260200414
261167747
259616994
258039526
259102768
261015789
260111327
261384334
260895782
261023368
261336312
260978479
257651935
261107109
261208501
258154543
261298862
257371528
260894090
261382299
261182983
261298004
261180183
261103504
257361171
260907193
257669329
257457805
257785879
258153926
261009172
261232862
259039263
257450773
258795890
258074418
261179980
261062670
257417963
261169395
257451030
261221329
261316263
257369195
261238894
257725526
258238669
261311086
260883048
258658561
260901802
259292300
261265850
257470899
260124975
261169801
257415396
258758092
258867325
259915381
261195622
258107063
260989755
259067691
261406109
261284819
257382305
259017393
261117237
259220164
257764324
261129010
260881644
257317991
260801998
259034326
259177690
257425617
261207508
259146510
257399548
257628949
261064387
259626155
258758294
257339378
257900167
260915851
260056511
261061023
258888879
260076830
260968742
259782347
257350803
261392394
260990412
258124001
258102235
257898495
257375058
260917121
258786873
261170295
260901006
257890514
259962434
261194222
257494910
257360570
257356029
259298270
261130262
260970346
258285992
259714905
261174629
257306848
257460172
261349761
258479609
261118735
259209350
258873942
257737633
258234597
260967927
259673956
261320277
261405430
261246730
258223515
258402606
259089841
261061492
261175905
257723193
261122165
258139864
261382476
257419586
257339873
259931835
260938245
261289179
261278160
261083536
257569787
258792523
259574591
257506286
260418947
260895760
261339978
257477164
257799281
260821087
260919023
257898793
258943562
261219316
261237703
261275126
260962981
259472376
258267643
260197983
257486747
257455443
261277658
258197892
260872952
258762752
259661918
257454385
260982837
257977864
257879786
258122240
259278792
261205391
260527338
257330549
261198253
260978427
259507542
258860219
261084175
260920330
260562129
261198265
261211469
260652420
257334013
257304629
257853599
260875651
260933921
257344496
258623644
261272761
261241227
258693570
259867704
261112503
259466518
259339087
261263654
260555841
261380003
259963049
257843778
261085963
261193147
258897477
258149103
257586377
261131993
257831776
257381244
259712544
257409744
259301927
257835097
261351799
261198276
261091668
257417619
261273745
261334334
260895751
258909438
257803380
257479885
261353411
257709151
257515479
260407384
260312563
257643212
257433918
259644497
260845025
258359151
258052347
260760894
260223714
257472006
257390445
260972618
257980423
260982361
260646360
260946113
260907472
261226370
259925162
259098805
260836595
261366273
260564779
261154718
261379917
258342478
257302578
261054973
260836831
261012747
259645901
260968914
257985044
261276609
260973422
257321298
261306342
260517572
257354860
259161855
260999176
260434806
261344699
261077678
258188923
258086706
261063677
260371747
257421365
257328821
261262763
260838390
261413535
258471645
260969485
257342280
257821612
257307614
258368160
261004718
257472265
260931753
260808675
257476919
261017734
257478601
257383301
258664627
257305248
257446565
257478098
257381332
258057394
257910239
260992833
258344551
261282897
257435023
258245786
261111264
258277346
260858350
257807659
257383373
259082596
257434510
261398865
260999891
257361915
258032197
260991099
258310319
257315922
257345185
261332829
261383787
258475004
261329219
260897176
261017708
258563466
257480625
258577694
257382438
261299647
260838869
261092270
260837787
257638099
261224835
259365775
261125550
261269265
261147688
259988376
260554231
258916222
260997507
259759193
258008044
258812612
257298502
260093434
257461481
257603655
260827513
261022665
259922481
257567808
258475338
260901509
259036807
260575476
258471952
261118686
261304038
261116359
259051614
257437290
257323199
261311583
261334082
257456743
261032340
258838481
260118019
261114611
261399188
258526457
259229143
257332797
260817754
261133795
257417170
260604475
258899440
258040782
260980543
258327301
259218522
259010269
261235176
258031776
261359282
260901051
261008329
261002091
261349312
261413075
257764173
259753815
261015885
259812569
260912290
259239693
261354707
260991072
261140601
257673873
257399026
257404566
261035689
258067257
261335987
260856674
258076826
260108960
259434714
258176717
259112475
259935474
260860723
257445446
258303003
259123424
260919021
257966327
258834342
259206081
257730568
258501026
258289544
257819595
257665882
260054216
257682087
257299454
257352563
260863677
261001376
257454376
257397414
258001896
258990532
261254413
257479302
259443540
257638062
261073987
261089712
261369996
260472173
261148846
259407494
260346075
257970028
260888633
258286442
257451032
259384111
258839750
258050671
258543312
261050808
257474878
261116813
259190210
257595584
261316511
257526106
261319820
261218858
260074382
257465539
257468146
259000515
260849385
261003881
260843616
260846076
261118013
260085465
257296461
257367806
261222104
261374457
261270760
257334574
261302361
261313368
261386991
261029614
260947436
257945116
257402256
261292702
261007912
257454517
259996003
261385762
257445315
259861963
258792067
258861864
257763148
258144673
258564762
260477048
257417509
257316814
258473081
260948435
260983587
261240992
260161397
257824083
260133193
260307130
261405381
259024439
259208540
261191194
257729486
257352701
257466003
261131207
257356477
257326946
261337300
261076004
258048639
260907201
261128877
261350537
257729992
261321542
261179694
261353761
259969996
257456575
260891620
257349292
261283619
261154239
261368338
261074694
257647528
259019669
261410231
261254350
261258633
257424974
257296094
257424707
259895233
258058022
258385854
261247815
261069956
257474093
261341118
257674019
261186902
261037305
260919132
261074882
257851606
257923701
261136616
260117478
259078173
258101592
257609913
259296042
257337358
261031522
260913006
261194162
257420299
261249202
259000589
258735013
260922882
261122193
257770597
259131798
257687184
261350725
257589375
259279969
257438544
259868597
260057640
257883184
257773119
258974339
260845412
261383430
260830885
259037921
257308166
260989463
260855275
261048744
258274412
257951473
260689460
257333555
257362381
260973712
260867790
257623619
257339188
261292954
261120931
260850199
260892526
257973020
259102304
259074516
261279014
261262327
261161175
260980272
258624242
258119041
260842101
257952841
257522192
261071381
261191749
260912464
257884420
259276160
257323275
261240506
258409021
257391252
257456871
257406881
257677154
258164998
257366014
259304836
261210104
257318756
258615624
261178360
260981241
261290905
259646855
260276835
259627866
257434600
258163050
261393259
261385049
259302458
260358294
258769680
259963359
258208890
260612373
261167516
257481560
260240153
260886199
260911399
261339784
261364640
257385075
261330793
260897154
260837974
260807588
259354096
260488194
261372496
257758006
258648650
260698655
257561491
257682186
261155801
260889397
257301045
259933968
257350737
261038389
260717402
260272331
259204897
258223013
259994699
260837819
257331112
258343950
257954176
260844944
259940811
261017962
261167078
257920141
261187506
261191890
261203592
261398269
257353794
257736469
261163078
260904944
260454131
260909061
257893365
257687535
257411558
261383391
261372877
257305253
261109970
258215679
259707755
260909546
257439771
261125242
257443442
260946353
261065759
261126510
257464099
257998994
257351558
261223725
257855383
258551293
258735299
257416440
260184118
259256838
257968555
261328101
257483053
257769589
259221175
261203744
258075740
260911371
261201012
261181803
257857212
261121278
258049517
258221652
257922917
261207645
257676880
260948394
257361644
260929327
260881937
261254953
261316979
257317600
257698590
260878782
257302294
260884673
257365721
261246097
257352059
261216003
261004775
257856098
258559012
257479402
257660898
259573124
259701179
257405090
260964435
258613428
260844321
257396440
261194149
258146840
259732831
261164953
260960398
257350655
257472628
261021382
261368928
260972663
257994328
261132030
260982166
258824098
260844358
261375510
257457540
257680596
258412964
260745523
260084522
257445928
261180537
258246539
257433893
260848168
257709422
257432916
257329428
261262690
259250255
261312010
257473688
257328486
260023173
257468388
259672324
258154831
258566343
260133007
260821361
261073373
261212203
258777185
261121253
261404087
257483790
260801883
258277877
260854737
257562719
261337910
257667359
257394336
261081046
257421398
257360384
261229080
258108207
260917757
257428817
261399152
261261047
258934328
259111666
260821923
257433008
257846134
257685066
260403042
257877973
261177964
259908611
260210383
257363271
260941162
258192971
257550853
259119886
261215314
261160690
261349444
260988575
258173739
261173262
257351033
260723443
259775749
258161631
258536358
259033121
260353452
257769290
258006086
257938671
257419180
257411841
261409119
257464890
258361762
257372931
257427605
261244160
261047909
257445887
261162953
258273191
257858923
260299804
260672531
257396244
261379414
260824773
261221066
258146102
261299885
260626295
257420668
257868928
258644211
257300466
261124353
257335359
258872295
261118752
261398361
258371866
260833771
257326362
260851324
261378321
258137343
260988273
257360758
257460189
260146532
257513801
258242298
258551498
261411397
261389195
258066328
257742640
260903841
257769864
257878144
258086798
258323417
258621950
260802902
260854331
257358873
257399490
257440020
257378965
260263468
260808576
257633165
258034015
258121773
258957878
257376953
260922047
258719721
260899533
258477935
259920443
259072344
260666075
259133753
259918653
257605857
261096399
259347189
257794492
259895440
260101554
257944733
260814958
261250806
259514050
258049077
258246448
259957918
260892486
260822120
258103615
258838028
257537111
258214801
258199983
258366623
260861189
260881563
257663956
257521765
261074567
257362368
259525132
260070149
261120249
257445256
258122815
257418459
261189799
261259860
257932329
257947242
257436502
260618110
260561783
260442101
260906247
258257513
260831988
260939864
261064584
261060668
261203140
257476129
257468499
258069806
260806057
257428215
258713924
261142300
261257686
258109345
257828061
261154571
261405288
260997142
257824053
261248542
261120042
260702334
259594664
260612961
261336118
261107403
257318657
260983003
260919246
260947328
261263655
257631816
257672234
257399761
258062753
261116014
257524270
258665665
260029969
261284155
257462975
258220361
261413358
257391425
261248593
261401441
258006038
258100528
261186845
260442358
257730072
258244767
257669144
257906439
257349326
261118648
258592273
260850967
257316654
260554919
261291073
257428561
257570550
261237080
261153854
258942695
261413679
260835567
261053170
261306525
259331464
261238207
261180283
257305823
257878028
261365340
257892638
261130667
261198608
258792682
259125626
260937916
258251803
259110950
261223383
260247476
261047584
260913765
261330831
259055847
257394806
260964696
261301484
257298269
260893394
259523221
261158051
261027242
257337213
258412619
257407356
260926026
259412131
261135282
257631982
257298539
261009983
258864559
257994684
261028648
260363793
259922841
259162737
261131267
257347571
259188792
261071970
258071685
261395653
259689218
261246391
261065558
258290639
259915747
261022074
258517490
260861450
257477026
261097211
259935989
261186706
258717933
261256948
261119580
257361683
260835528
257320190
261389745
261336039
261070799
258561105
257901642
257421598
258968840
260905988
257291728
258700082
258332899
257719570
260854914
261198117
257572568
258193534
258743097
257742794
260888954
261275283
257440565
261227864
261246923
257948128
258656083
260670381
261245120
259447954
260858992
259368937
261285672
261086531
257890681
260350412
261259187
258589427
260941646
257486132
257460112
257697875
259538412
260193665
257859721
261105498
258394277
259842281
261037149
259843826
261121064
260907515
261220066
259759530
261276560
257294095
261412749
257949663
258331485
261009579
261328544
261013070
259155244
260995606
259329866
260167887
260903003
258892217
257715739
257459118
260638354
258895534
260529481
261304589
261359135
258603725
260276323
257329265
257392957
257971496
260984165
260816821
257829863
260843853
260438527
260098254
257294899
257931961
257304451
261412029
260808431
259636758
257321844
260822985
258119624
260919399
257410922
260979960
257628125
258686789
257884711
257363687
260572107
261203271
257746219
261362091
257363890
257520855
259438667
257396722
261413551
258394072
259339094
257427118
260816881
260353796
261324029
257387396
257558030
259657886
257365011
260056752
261344037
260919547
257442499
261243894
257998572
260081408
261051403
259948822
257977237
261259360
257957360
259808846
257489898
261315755
257400147
257980998
261014199
261339387
257591581
257697125
257404376
257485655
257429515
260931711
260822272
259938161
260588949
259290578
260774094
258646767
257458294
261203022
257324286
258073206
259238826
258428778
261091930
257440958
257705024
257970579
260842086
257439333
258631334
258787841
257487060
259380747
257432738
257696411
261079158
260854657
260361401
258313587
257617052
261028290
258176696
257375469
258520573
261135623
257447192
257683234
258428186
257465286
258129643
261130108
257703095
260820483
257459074
257562504
260844901
258036432
257823988
261411702
261330766
259659721
261296281
258841238
261399319
257688161
261308678
259915081
257448900
261052320
258231777
257686448
257407060
261130661
261288883
261095722
261040156
261118241
261149063
257886616
260995742
257688015
260957588
261122230
257419167
260889370
257309116
258161954
260917370
257416747
258551532
261403878
258513032
259237955
258015086
257367655
261257435
261365389
260850601
257598450
257564843
259134497
261165749
257344145
257374071
260536190
260129382
258792900
257498774
260330737
258332726
257474715
258940288
260822682
258263250
258869810
257877691
260813564
260837209
261256774
259458951
260021561
257319061
257454307
261061050
259129577
259565477
260887958
259922980
257460978
257538958
261293169
261244184
257626318
261369382
260834492
257297206
259684143
257536055
260766222
257406591
257399365
258568009
257856405
259863934
258039784
259637874
261068205
257816679
261324844
258836632
257790551
257349215
258430866
259393002
260449199
260885879
261390895
260974656
261114709
260905725
257407404
260869450
261366767
261347191
260847273
258010090
257435715
257954167
258145453
257982441
259650683
260827616
257331461
261193841
259030038
261303784
257609684
260972314
261056503
259046570
260807048
257356790
259203528
260993844
258053858
261311849
259148878
257455920
257472279
259027580
261276614
261351880
260818063
261184677
261394989
257339485
261307484
257305146
258187424
261190189
259151703
257314652
257683541
260971605
261390262
257343196
258484672
257586252
257828005
258026892
261297271
257372203
257739099
258954626
261185343
257360684
258205085
261179310
261123995
257455579
261229768
258973779
257553573
261067996
260091406
261152248
261073965
261270551
257955319
257400094
258091715
261149620
261088495
257425625
257363943
259359710
261242123
259654852
259065317
258907772
260853974
261224145
260553651
261327402
257994112
258425753
261056853
261255348
257875727
257316865
260828709
258739374
259384618
260896956
261238512
257941974
261000931
257455934
260972416
261259088
258722421
257454181
260897838
259194372
261248123
258167986
261188145
260978679
257338218
260961095
260572772
257873202
259421840
257631611
259347636
257498140
257998665
257337335
257387249
260851638
257444692
257758904
257371910
260996873
257600226
261049059
261122389
257365073
261023747
259282618
261038429
257369433
259733316
257735214
260255942
257843343
258646480
259341503
260826400
261099448
259894572
261090086
257791561
260922635
258790007
257684543
257936910
259223894
261047683
261374465
260537655
261346562
258897478
257576630
260980224
261282706
260969006
260917823
261408553
259360901
261059471
257676928
257506596
260826160
257756191
257920107
260870266
257311213
260994740
258940788
259688837
258117174
259043392
258255272
261104384
258214499
260832395
257571633
260022249
261270098
261245740
261168072
261105784
261342622
257468943
260600862
261227404
258583679
260326634
258078491
261369617
260978623
261108892
260982973
257397052
260996350
260989804
260925001
260198476
257967095
259428492
257752247
259927142
258687052
259506656
261241611
260931691
261128591
261156481
260028150
261283268
259984860
261332676
258071531
257733463
260973723
260988798
261075712
259450526
257904448
257344170
258205848
257596562
257337596
259602269
257642265
261372131
257422408
260180796
260895476
258003222
257407230
257413679
261261590
258620959
261111786
260867393
261087607
261029816
260717534
259640590
258935552
258075640
259322344
260849205
260820215
257425777
261395659
261260702
261090220
261301453
261412969
260065257
258322637
257410015
260922288
260640174
257762098
260605445
259574676
257858846
257393568
261394172
259373707
261196758
261343092
257343265
257433842
260125134
259234667
259540122
261320155
257736578
257308039
258980757
258090869
260408823
261056622
260851804
261406235
261369826
257486367
257639493
257748681
261361048
259384757
257956834
257679756
257391373
257943217
257344321
259067588
257932165
260785832
261331220
258167217
258125551
257959595
261205758
257897275
261181765
260875643
257349052
258670877
257397811
261317415
261294212
257329201
261301761
257376052
259740229
257465875
257522579
259474100
261168360
259277546
258087223
260932600
257689973
257634656
258117471
260061770
257462079
257958847
258075127
257384659
261147453
261186838
260555369
261411836
259622932
261364288
261184018
257722091
259962094
260090754
257355969
261044423
260814793
259929414
259020843
258601967
261369804
258002215
260941246
258176424
261365129
260891976
260810821
261349853
259286590
261158898
258670621
259526492
261327078
259170463
257322952
257377171
257451189
257503661
258696122
260480529
257899050
261283305
258609190
257475790
261123910
260881580
261377356
257442771
257346354
257798484
261053001
257328945
261243306
259364505
257460482
257492834
259025026
257980777
258214070
261191195
258881802
257576353
260968439
260346386
258245782
261372840
258664754
259354060
258974810
257398194
258101375
260965912
259689264
261128919
257381333
260982711
260083287
260948597
257570460
258743430
260830719
261237678
257731721
257467945
259018596
260863795
257730930
261204896
257332069
260386290
257330786
260982352
261365360
261170608
261394476
261044193
258991511
261197707
260998170
258256600
257470460
261192369
261289281
257458189
259138146
257465411
259879203
260460206
261191081
259176173
257381574
260789182
260962791
257403526
259586231
260830883
261338849
258447999
260919392
261334228
261385820
260242963
261272486
260240992
259490127
260559404
258868368
261074769
261248078
261166381
259296787
260941243
257358241
258018073
261378693
259873132
261317512
258271757
259531772
257491356
261376314
261322999
257860062
257379622
260939591
259268203
257293604
261321872
261135648
258041169
257698383
257998045
257426621
261246007
260974634
259306081
257406485
261255263
259498323
258318114
257517601
257467606
260995168
257429170
261064317
260074086
261383099
261338902
257411389
259182902
260959500
258927195
258007034
257339928
261200431
257428759
258146498
261162257
260214710
259103303
257340849
259651747
257333898
257397954
257406803
261060997
260876875
258173246
258491866
257833611
257790154
258095628
258572092
261161274
257397574
258292136
260648323
261176836
261055593
258688144
260921435
257396104
259912554
258403867
257386694
260821047
261051563
259902262
261296624
257874719
257517197
261200096
261388519
259495643
257477694
257325884
260838145
257872393
260319893
260896135
257383318
257547705
257390200
260909085
261300957
261389658
261178884
261186405
261061732
257391253
260882145
260285947
261371807
260874343
261339817
257409891
258159637
258387907
260868096
261327241
258035010
260899464
261115724
260910070
261324662
260755876
260878559
259829123
259567933
257438523
258850289
260338746
259646155
260765454
261161526
257428599
257922577
258095875
261385330
258856783
257799172
261313969
257444162
261149415
261206585
257381325
257351927
261067815
257478722
258173714
260788349
258226715
261295237
258158495
257336575
257391995
257301215
260868478
261164603
261003365
257724785
258748660
257451695
257477511
261280040
259820444
257465098
258231038
257780168
257434848
261047997
261225783
259598866
261346295
261103276
260984475
260112367
258362629
260441338
259200711
258168270
260905335
257353488
260746525
261294583
261229921
260967321
261191256
260803297
257555087
257437248
260836547
260873963
257950553
261186781
259321639
260153118
257427327
261366138
259382842
261097593
257848546
257295349
259011447
258209121
261125027
261210602
257529800
260822469
261023426
260846785
260803619
257951547
259088917
260302767
257325153
257310441
261297360
260835801
260492496
257962526
261336184
258294720
257338402
261255903
261235293
260547118
259513900
260870973
258317601
259243408
261389859
260901365
257917645
258090583
257694659
259738858
257417729
258005342
258461500
261023647
257306302
258380356
259552390
260903192
258165340
257298957
261411228
259035368
257444997
261000846
260816097
257451115
261105455
257657296
258002627
257474965
261377998
257371109
260917712
260036833
257451505
260999351
260665889
261156334
257804656
261229324
257401145
258855834
257496596
260240049
258557170
261185185
258304928
261210670
257438353
260931299
260307269
257832414
261272880
257339071
261217006
261328585
261244329
260960648
257360750
257819284
257721458
259531279
260802963
260121667
261030988
257381725
260397611
260962301
257479774
260917451
261214970
258687070
261278373
260951574
258393389
261304734
257325626
257475531
257297969
258484126
257854363
261128248
257482287
257321169
261180178
261009072
261150544
260834529
257354960
259692155
257457567
258125902
260322985
257893923
257597860
261358333
257292452
257568496
261008218
257583776
260889461
260988901
261094188
257931228
258178292
260879969
260909569
258174479
257401181
257648192
261327382
260678979
258099844
259967229
257450219
258457389
261289400
260893465
257743735
257846375
260849239
261056165
260544302
260939257
257411147
259629366
257770052
258944823
260824246
260812709
261204506
257303794
257394376
257805337
257327968
257834121
261194696
257503436
257385005
257417491
257341982
261025724
260309657
259105801
261245569
260919104
261257408
257361550
257750322
258148769
261145199
260459723
260864380
259286275
260059701
259797005
257477144
260822611
259824920
259166199
261213698
260506964
258007934
260053740
260422361
259226335
258137945
257318837
260562696
261285911
261115154
259251944
259248235
261005064
257473037
257794039
257420176
257469362
261049987
261188529
257416827
258142816
258616629
261244017
259890135
257847533
260666929
257998516
261021575
257705335
261369588
260074021
260948033
261393412
260118916
261384785
260454336
261220083
257859381
261102319
260990054
261372122
260194099
261012023
257740899
260306291
261001328
259165494
259115166
258256798
258201256
257584620
258873016
257293412
259351012
261276715
261191188
257478279
257510418
259173008
259498784
261034560
259549897
259094419
260836961
258151504
260921803
259722556
257912408
258199922
260953959
257299161
261128403
257859011
258106701
257369237
257414661
260522566
258647601
259887092
260912850
261354835
261007309
260816587
257622128
258732529
260117058
258172291
257987643
259723900
259725268
258151610
258066446
261387826
259191467
260919891
260830954
261276259
257690986
259114266
261289157
261206445
260828040
261237463
257324614
261070125
261070922
260468785
259384839
258535308
257481117
257793822
261160780
257308570
258210343
261284530
261404994
261331745
260251842
257637488
259135025
258521014
261298453
261134505
257964277
258010729
257340969
261066652
261059325
260287724
260467953
257360785
258782231
261275671
261090420
260508772
260495326
261232288
261158932
260139260
257751019
258969012
259227773
257468039
261382809
257360596
261229423
257814096
261381201
257433866
257311854
258816563
260476626
258144515
259811518
258128059
261207888
259841749
257340636
260364000
258012271
259789495
257721758
260943861
261270462
257352552
257379729
260251624
261074375
261091837
261371286
257446153
257527411
257424123
260984372
259947436
261337079
257717236
260595942
261385134
257340592
257382579
261171971
260506851
257384118
260837692
257412204
259085340
261304732
261199357
259427554
261060028
257867752
258045852
261011569
258524176
259678249
260860882
257326563
257436187
261012276
257838436
257479919
259226917
260815727
259230737
261257779
257390517
258350010
260933900
259762930
258967859
258528657
257431886
257383340
257483612
260367551
261014401
257453422
261369873
257938807
257322865
261167726
258810259
257952259
261145126
257353051
261316111
260914208
260435309
261353223
260397939
261026815
258762572
257417559
258493733
257408887
257394275
257342747
260845268
260831334
261265207
261065789
259136933
259391271
258068774
257705016
261172364
261101973
257430127
261012654
257596503
257954903
257515111
260992491
258071247
261274639
257310922
257405600
261220754
261040199
258240959
257648426
260773814
258869816
257407223
258501747
258023004
258038510
259583463
261057413
261185208
257369846
258622818
257379748
261009770
257836807
261149787
260814354
257623161
260063835
261367663
257413169
260150117
258028153
260853607
261017929
261121959
261168510
257790540
260749807
258209381
257793766
257832565
257435163
258726556
260555626
257352791
260999984
258760509
257537330
257425638
258615995
259020140
261014307
259801517
257988628
257757865
257347809
259170617
261093331
258711850
258469179
257367882
258352618
258047611
257410056
257429239
260233398
258032610
257462931
257300331
259088965
261145865
260951141
259617112
257514801
260852340
259893959
257855159
260781059
257395820
257673559
257407474
257818660
260274640
257310366
260832499
257369790
261106617
261300030
261095678
257716140
261355964
258027033
260804531
261076812
257426552
257295448
261315384
261395235
258871075
260903028
257762712
257446098
260827534
259956515
260936547
261026619
260888205
261413793
261000873
261398341
259795284
260920977
257500728
261317119
257502012
257469485
260840410
261333868
257709281
261252701
258000575
261286180
260258332
260988959
257626035
257667003
257894869
260114025
260000123
260960203
257759950
257541617
259467075
261067166
261257388
257847560
257311352
258062245
260093318
257976634
257821673
260365382
260885594
261036297
257475477
257892388
261335278
257451347
260847110
257432648
257435248
261404187
259114715
260944184
257958178
261372039
257970031
261051943
259684680
260912023
258139990
258488776
261174593
259128411
260978932
259600208
260892995
260942069
257379787
261341879
260939171
261185526
257292557
257429441
261266143
258713650
258069296
260974381
257392561
257337708
259471928
261328340
261008392
257506617
257442108
260939941
259779673
257349097
261169451
258885079
258254954
257540745
257350436
261114352
258574174
261210917
258144835
257393835
261191054
258079884
260801346
258079887
261317251
257600120
258915060
261090983
261028405
261371692
258439877
260996313
261211808
261196462
259690311
261170796
259378713
257961590
261290717
258975327
261080507
260993101
258321613
259277249
261187061
259048875
260835443
257764879
261235718
259586503
261327254
257937386
259376417
260857975
261102224
261236930
257352826
261191779
260534942
261014361
261181555
260492664
260773476
257387416
260932886
261237284
261215909
257825042
261329535
257955214
257385180
257468177
259111806
260880357
257294247
260501401
257351870
257420042
261040378
259976095
261244481
261104453
260931011
257347443
260948610
258470657
261162290
261414100
260889695
260271862
261056707
261019207
260966236
261061381
257554966
258080368
261272463
257986784
261376999
258304766
261345075
260885709
258474499
261236963
261327292
257388592
259932787
258683766
261267606
257375382
257488842
257874831
258957021
257368297
257299886
258221191
258078443
260915106
261259759
260817113
260899096
259852091
258186999
261106887
260914633
258068874
261236922
257988923
261109094
261083540
260808434
258993775
258002980
259627071
257738729
258331589
258055905
257783105
259065907
260775595
260818673
257475098
261404427
259712880
257421403
257747312
258016184
257477512
257648097
257300815
261263722
260952672
261369707
258932526
261086269
259279821
260696585
258136585
257416524
258007287
260901465
261317249
257390153
260877170
257433853
257428655
259640776
261407084
261038260
258403922
257423289
260470330
258062554
260937667
259468260
260875276
260938831
261111278
257933300
261199394
258231720
258220251
260824599
258911532
261255130
261337427
261390111
258029842
261242731
261178500
259301672
260935616
258153903
257341093
261402741
258893527
258179582
257357603
257352642
258196177
258247920
261002845
261252952
258194637
260911146
260166268
261073444
257349853
261402452
257926180
261109186
259379820
260400514
261190271
258509414
259453861
258622723
261024593
259457689
258678832
261143455
258450866
258842924
259850432
257370083
257768260
258180193
257319218
257871045
261392893
260432811
261387462
257905010
257314752
260183280
261400798
261057635
259747238
258341360
257660453
259660385
261084320
261049763
261170924
258100175
261236726
258778391
260438397
258529088
257444675
260971719
257642612
261319299
257461467
258334140
259694889
260824584
261095368
261312388
261333987
259837368
257722495
257754003
259612176
258395984
257970881
258209314
260971229
257398298
259327974
257794063
257297008
260202960
260894480
260560960
260823587
258620077
261164320
260892941
260945750
257366563
261171509
257342268
257363371
261083351
257359274
260877443
258497420
257649505
259754709
261414036
257321834
258438173
260962065
257388817
260106977
260165762
261395959
260492729
259484299
257912920
258832316
257791948
260963404
258252292
260978720
258055866
261076608
259652137
260826461
258224033
260835466
257304211
261313293
261392391
260864438
259428737
261412620
261109828
261243647
260847312
260831800
261043169
258250427
261223119
257472440
260757694
261120034
260901401
258000783
258219947
261191239
261260672
261261584
261137508
257468894
259791599
257439085
261307720
258478875
257499653
259016552
258923307
259316605
259824677
261075929
261278491
261206328
258653099
261048889
257730482
257360136
257299111
257308350
257881065
260154188
258085360
261379336
257962114
259444031
257801228
258081600
261185970
261367933
260568778
257425652
260214742
258754645
260947075
260983724
261184534
257301552
261363841
257873878
257399069
258907560
260044177
257598220
261311983
258060507
260169923
261327912
261020792
259738698
257480327
259453361
259310118
258576591
257786405
259227206
261060681
257593580
261311149
257807433
261205141
257371960
258578949
258837714
261110134
259098067
259552944
261369904
259144218
261118077
260892028
261396610
261364827
259880032
257818222
261409712
257655697
260576469
257555602
260890678
260897825
257546912
261245018
260552627
257664588
258511319
260247638
257313006
261386217
259153952
257797896
260103290
259715021
257564986
257368867
261398719
261215583
261239320
257933182
261367484
260774024
257379019
261228617
259143041
261109399
257472262
261069587
258037568
259693934
260863504
257353693
257470775
257443925
258416825
258456682
258262525
259483536
257384066
257779397
261172095
260576039
257837704
261292583
260853814
261210872
259045893
260353021
261218527
261411471
259730039
260376387
261108995
261300377
261257597
258338160
257486955
258599355
260883407
257464803
257825064
260828571
257690744
259372957
258225761
257530762
257620171
258078539
259591666
259680737
261054437
257459679
260991639
259261056
257379827
258114944
261148760
261129741
257403208
261298053
257485185
257316904
261368225
261081608
261242933
260861041
261369642
259374058
261247045
258302200
261339760
257990530
258107274
258282134
259224641
258172086
260864677
258022529
259107766
257809305
260861823
260939815
260910093
257444770
258779637
258576653
260346940
260940397
259168837
257431516
261240947
260807467
257514210
257426129
259191227
258473052
261163055
257444422
257345953
258972227
261118493
257940108
261334028
257464309
260810655
257483856
258990404
261248723
258181109
259214425
261391459
261034725
261263082
258180878
259225507
257838713
257489182
259178150
258718167
261060189
260981129
258495816
260808704
258300734
259096441
257331567
258226962
257369794
258032443
260722822
258421099
261144216
258949358
258201204
257384354
259937610
257604323
258091747
261218351
260857306
259072654
261190491
258476628
261242407
260868213
260843268
258261396
260933870
260806437
260802996
260910788
259196948
261096360
258829076
259017116
261344894
261168802
257372287
258214217
261146957
259143884
260960219
260393115
258923945
257390385
257782854
258762551
261369774
258745288
261336143
257451950
257488573
259847425
261186073
261032175
260829697
260880322
260976438
257406528
257341042
257815938
259715617
257612182
261189142
261105548
258280529
260984337
260843541
257375712
258888880
258976191
260052663
261218847
260274322
257787964
260758067
260886993
261121756
260710539
261099362
261373621
257732657
261244419
257456835
260908446
257384457
261129649
260811418
259992202
258236822
260781802
261173557
261366321
257493994
260194307
260923921
259928389
259003542
260005827
258868603
257896900
259485135
261307204
258538740
258214837
260980580
261192266
260992183
257326934
257763632
261147279
259964028
259784725
259412139
259727118
261189881
258155739
257487115
259122017
259034785
258971768
259384829
258145990
260946801
259143126
257999024
257810257
257857487
260801937
259335203
257296624
261227899
261189903
261394126
257352764
259851301
259619569
261252899
261113184
261236482
257493725
257994080
259213035
260948004
257474516
258577293
260907343
261212706
260855326
261076708
257755891
260915145
261100485
261085611
257395023
257383975
261268378
261394647
259582010
257416567
261317501
258450690
257489762
257408744
257509882
261411691
260945831
257559918
261069789
261226443
261174063
257363675
259102579
258858308
257395222
257414958
258119911
257731155
261374270
261266648
258163218
257341153
260974911
257964092
257320508
257652233
261165206
257774046
261218598
257926195
257455093
257440415
261198517
257924107
261035250
258021378
261250202
257313355
258019132
261335831
259884326
257732461
261006407
258663691
259548749
260884565
258107605
260870384
258981771
258473500
260829761
258683774
258228504
261204611
261028724
257928773
257450799
258071836
261156408
261045957
257423683
260356223
259244163
257466840
261400664
260924623
261034503
260831424
257996893
257315836
260873984
260861207
257309461
261229770
260043472
261084433
261096196
257744310
259609327
260906299
261016033
257930924
261066254
261108713
258335172
259898396
257436189
258336474
258195385
259521789
257731360
258322883
257790332
261346711
259136764
257348436
259305217
258304797
260886854
258650468
261251743
260993389
260892293
261093893
257324483
260959790
258800988
261086929
257331434
259108893
258033429
257690844
257460749
260893009
257963703
258714199
258138977
259054912
261175626
261403855
257413124
259903095
261156348
261239244
257957993
261161439
257376821
258192801
258494805
261296967
260651688
260242960
260896105
261366425
261186986
260989047
261241398
261096266
261070139
257451028
259184013
257298032
261409167
258167912
257316298
258357883
258689946
261010266
257416291
261393600
258146314
257394693
258462807
259909664
257421424
257474143
259831706
258980891
261119150
257459075
261337747
260854408
261112631
259221844
260849792
261346324
257811702
261213955
257317639
257308115
260827595
261202815
258484727
258274059
257950380
257982728
261161804
259337450
257784141
261170732
261039112
257426062
257438223
258823297
261374344
261171997
261180789
257841966
260573395
261294582
261235346
259911604
261281812
257379846
258530801
259667833
257387697
261377681
257426349
257876095
259885069
261185992
261040494
260991636
258097711
258629952
261085163
260348309
257384464
261295415
258467721
260979094
261205285
259353685
261120780
257473080
257366752
260193461
258210171
260937498
257857522
257770914
259297433
258840854
261190637
260901917
261407581
257893256
259425818
261123964
261405483
259656131
259702597
259208401
257720224
257453818
257399287
257353372
259062154
257528150
260842149
260718759
260963528
261344408
261277867
261226339
261274656
259051248
260810720
260116148
260841672
261406545
261266209
257685870
260848849
261151031
258198850
258042246
258539587
261355359
257892389
259927509
258089289
260338244
260996602
258376480
261239557
261194210
260626857
260314123
259775402
261208325
257737632
261245024
259936086
260957626
260257665
259374696
260775881
259910533
257694086
260812991
257435257
260106990
261312273
258293080
258766126
261072523
260979263
260991930
259646220
261285579
257589769
260932033
260275795
257734058
258419112
259079916
259615265
261270997
260992639
258933391
258620615
260924373
259488953
257385335
259766893
260481575
259181766
257488134
258123192
257864434
260928716
261315256
261317175
259682752
259341643
261113199
257417077
261374707
259185147
259547732
260105425
261348289
260972821
261232519
257565918
261229574
258650551
258855928
258922544
259975999
260958001
257698015
260027229
260913705
257833896
260807693
261232427
257569578
260959657
258170475
257656861
261348061
260267733
258175003
260998290
259311252
261256185
260340009
260295498
258693157
261019558
257347112
260878139
261054795
257583894
261309570
257980933
258234609
258194643
260874922
258171635
258150505
257377031
261352967
261303516
257302769
257340035
260024901
261406898
258312668
257917413
258948094
261389089
259416474
258654154
257297058
261092451
261276661
257433688
257404081
258726562
260413035
257393338
258136114
260918868
258209862
257300422
258156007
259211602
261119677
261158783
261074263
257469343
257656135
257487381
260814826
259173236
257468640
261128481
260958327
257394851
258537046
259398190
257449358
257401605
257338176
257345383
257324331
257417939
261118304
257480433
261372116
259739524
260928109
257374499
258356485
260918822
257866094
259839112
257824678
260866886
257950782
260997340
260867041
261290087
257427291
257887800
260632209
261203764
261291802
257899475
260975361
261277480
257442076
259595210
260444512
258071189
257480326
261287527
260093590
261267800
257300480
260007437
260439721
261185802
258253848
261328678
260790045
258573380
261143869
257541415
258192762
261311175
261235963
260151136
259225214
257296626
258347185
261366392
260651212
261230154
260362188
259708161
261360575
261197629
257365225
260829934
257454528
260098493
259199848
261164808
261125277
257407506
257363813
257749642
260851358
260899540
257323700
258076026
261319743
260231892
258708133
257464026
257457653
257866099
260835964
257423402
258106147
257858245
260911422
257333803
258764339
261083395
259512490
260985818
261218149
261206568
260976406
261275504
260355562
258140192
257783313
258231921
258080465
260978792
258157373
260725463
258509142
257502464
259723399
259040587
257464386
257933073
260882016
260797146
257866035
261075189
261147696
257829697
261355291
257384533
257372992
259960047
259991808
257474356
259839309
261036083
257444756
257631560
260892897
257836497
257476904
260247466
258677102
261399236
257631576
261334370
257838893
259104988
260806149
260919245
261028630
260907966
260977254
258381242
260998355
258016476
259909851
260140552
261359381
257416691
257918124
257418220
261084699
257431306
257437769
260989259
260855061
257298497
261358134
258252110
259995354
260124875
258522385
257293341
259730822
261181413
260878237
261188668
261266360
257876848
257450973
257340223
260218151
258162919
257711783
261242545
260985284
257737758
261358883
257848275
260535304
257703385
259932902
261037895
260063665
259784855
257459891
261277589
257682930
261115262
257849018
260813538
261405819
260802557
257335319
261093904
261041712
261194201
260969132
257433820
257393863
257322130
257572297
260651101
258145130
259102811
261145138
257336289
258080815
260851204
261400679
258585452
260978947
259456879
257968072
257711394
261173066
260157468
261228391
257456974
259959143
260906032
259945909
260928657
260096590
257863967
260370109
259658613
258961083
257731544
257465113
261339767
260949787
257808780
257897572
257352243
257681588
257458714
258011257
257852829
260087814
261205727
261233480
258253217
260844179
258169885
260799494
261127162
260619470
259465390
261392367
257311089
257447993
261047873
257669800
257541031
257881657
260979802
257442079
258876440
260915853
258144752
260836228
258344638
259507591
258776377
257779052
260868538
258144509
259767444
261395061
261343084
260983838
261191591
258752950
257358152
257846966
257397902
259339018
259557511
261306623
258882511
257364298
261412022
257918781
258882188
260137821
261086443
260997957
257326520
260919135
258859078
260178113
261337219
257339191
260899993
260946511
259184963
260134327
258167767
261080891
259335149
258948403
261110308
260921785
257889673
259485309
257437078
257464997
260983553
257677153
260984618
261198247
258333587
258949233
261382863
257537720
261342786
261342305
257565796
257385598
257461383
261200785
259256131
260289277
257989986
260382194
259672834
260844252
258708354
258157153
259098332
260950180
261290759
259147254
257724135
260039291
260606677
261204752
258015486
257394815
257473882
258203289
257641006
261067915
260262569
260546837
259402432
259133730
260993147
258097577
261383919
257328225
260879295
259270839
257929389
257464583
257364828
259137271
261291129
257679631
257709967
257521713
257889850
258026660
257408350
261254188
261128785
259659162
260823238
261153295
257448021
257304150
257405124
261253001
260451484
261081196
258215282
261353966
260984409
257317598
257536378
261289950
261153090
259785821
260926370
258383865
260200937
258098240
258721230
257890584
261119064
260849355
261252202
258882037
261252599
260198159
260885883
257872050
259679429
258445952
261218955
257537220
257474751
257398039
260838148
259324815
260205831
258822138
259885809
257832838
261161030
258231235
261080697
257344542
258213275
258520150
261026898
258118799
257553222
257414896
261108814
261292466
260902735
258136144
258960104
261397906
261232134
261413597
259348225
261266171
261100182
260940870
261366580
261252822
258900255
257784164
257785765
257799023
260957377
260826978
257443433
260470210
258766826
261347434
257435656
260834849
257883671
261298824
260599181
258181413
261240997
257705266
258205802
260618453
257363370
258154309
260880669
261296569
261152166
257813491
257391710
260719081
261306868
261009714
257322578
257364962
257484449
257639896
257459479
258580948
257929265
261278674
261321781
258804284
261131562
257321013
258117686
260947394
257336066
257368532
257884370
260966366
258264805
257315600
260173795
259869091
260563707
257434447
260542939
257379326
261212660
258408005
259131328
261194176
261127480
259543180
261159051
261093271
258955857
257348250
261250091
259478484
261197474
261358702
260523164
260008552
258757441
257447889
257569715
257896997
259833975
257421287
260983143
260136304
260278437
261168512
261115857
261336031
257953447
261303150
259660880
259366015
261228056
261083241
257443346
259172621
257451005
257445960
258847333
259183185
260937716
261102443
261240336
257324894
258249968
259222037
259274788
260432948
260888921
258043968
257737735
260808876
261369321
261231878
261412400
258804170
260862149
257437570
261291575
260378779
258073070
261021556
257544048
257448956
261412326
259945078
259189767
257468756
257999001
261168654
260611346
260728643
261084984
260047457
259068166
257646882
261149308
258011641
261029915
261058180
261005898
257466807
259235636
260306722
258018291
260897942
260593640
258456469
258222647
260229648
258852953
257799377
261068659
259540376
257303020
260303642
257291377
261304372
260968046
261346932
260966033
257912404
261001984
261251491
259861845
259867129
257436677
259815598
259382680
257859655
257437097
261349480
257549499
258755528
261040138
257349078
261230277
261239539
261375719
261254025
257938553
257944811
261301089
257649600
260940182
261021240
258783203
259477251
258148536
257410265
257294597
257732288
257359164
257729022
259126545
258776908
260804606
260946497
257601628
261290587
261277645
257453068
259388172
258084400
260152838
258455705
259745069
260599878
261259078
257513289
257438736
261245952
261146949
261209196
258776616
261247751
261330113
258051514
257463142
257383554
260410404
260823812
260996046
260597842
259025900
260853760
259775731
257843956
258834318
261183988
261256049
259671435
259790781
260810480
257394493
260882173
257345921
259354197
257461751
260877710
257293741
257995195
261238660
261126823
261063089
257884050
258117836
257500439
260751970
257488542
258031811
260930329
258136450
261302692
260810042
261228182
257397230
260842143
261371769
261217572
258760810
257742707
261104096
261304154
258687854
261411537
257305881
257424022
257478194
260273864
259149467
257319099
258357826
258000532
257485265
257469005
259278036
258110257
261195721
257481631
261294118
257575710
257447039
258127933
260909017
257396500
258732731
260397803
259411486
257385819
260925593
261044636
259876156
261408211
259626587
260827586
257485341
260929468
258136617
258179287
258058839
260914849
261316857
260216983
261047087
257445934
258253747
259828438
261369595
261200325
260840945
257890019
258636096
257795640
261199237
260715356
259967825
261326082
261180823
258744933
260856488
257442130
261035113
261019388
261118234
257389857
261152450
257382853
260980209
261409929
257841483
257414607
258259970
257893147
257549610
260657002
257398070
261380253
257322821
258187468
259924173
257347720
258747523
261381132
259129611
261052143
261168350
258932181
257367643
257337245
260766002
259158846
261171788
259703811
259627595
261396853
261180437
258015730
260864325
257377433
260847389
261070684
258847329
257780037
257605066
261150018
257448503
258344488
259215061
259864057
260842925
259156592
257328330
261272283
260164530
261150348
258870304
257505374
260971828
258599556
258733368
261122221
259561624
257404712
257366198
260833649
258590156
261158955
257941588
258823055
259069204
259268859
261378656
258699669
257492757
261368229
260244935
261356081
260982223
259868656
258128398
258363650
257672502
259624274
261384736
257648029
258143132
260683347
260611091
260789192
257487937
261024186
261303992
261205704
257390132
257912460
261110148
258335508
258193625
257775702
261278259
261015585
261145512
259395005
257453480
259874394
260142352
260869574
257651940
257833156
260811887
260215219
257995191
257419599
258328055
260948590
257810848
257375985
260675691
260269563
259358733
257488965
258639671
259184205
257777479
261321758
258111448
257416474
257480828
260806297
258141320
258171580
259144248
257316169
260125815
260119751
261152831
261019329
260867861
257875824
261232067
258360567
260580708
261231293
261006206
260837264
258267265
257295018
258035340
257349567
259892976
261006820
258070794
261231277
258660183
261380738
261319224
257838358
259004607
257376637
257366866
261366705
259181905
257404397
260945230
259099629
258222604
261224334
261291532
259833782
257406377
257860840
257382775
257378484
257324371
258233791
261354768
258952206
261188265
261389837
257383093
261000368
259435316
258112251
260644357
259849017
258064298
258673184
258786518
260190895
260462997
258996158
258456357
260830151
257829820
261105346
257863370
258088766
260860679
261043276
258356264
259119979
261297386
261196581
261379316
257301566
261200243
260945023
259902368
260092746
257374595
257957211
259772102
260941965
261193402
257477128
257823362
257396026
257332043
258564892
257334117
257393613
261152411
261362436
261164911
261212547
260891445
259927230
257649553
258786044
258072835
261165156
257344277
258256373
259027040
260084946
260979853
257875773
257875217
261045182
258424035
261073707
258118129
260275516
257386278
257389344
257378214
260442639
260995143
257703357
260463494
260575710
260734059
259687533
257612166
258846520
261254376
261051958
258743505
257461764
260248129
257787530
260548928
261110717
258198674
257513887
259962162
258192186
258128655
261215878
257455193
257470646
261232776
258637961
261311659
257731686
261289486
260803374
261066306
257945807
257667960
259923846
261392597
261102380
257422289
260244632
261387769
260509510
261335539
259125773
261214386
260897258
261266121
261249278
261140161
257402656
261355665
257456944
260810245
259239632
260489480
259799834
261105316
258353422
260817709
257326555
260336284
259729504
257978037
257545365
261367468
257907885
261076901
260837694
258707549
258040308
257450778
260881376
260901807
260977191
260035911
261092810
257438359
258104136
257372597
258187199
260949160
257510723
258268566
257706519
257437764
261311333
259813356
258474688
259924939
257387968
259944977
259002526
260976642
257862797
260917994
258960688
259465172
260834562
260910146
257863309
261207167
258064358
257362528
259253499
257359614
259965106
257909310
260861735
261400766
261350668
261316678
257698233
258401303
257945571
261062202
257357687
257743412
257475346
261111778
258153740
258342082
259026186
257402902
261300510
257442521
261030252
258824100
257810946
260992270
257586532
261002896
260856271
260075251
261229536
261238550
260803926
258626879
261310050
260180381
260898374
261153714
258136183
259119232
259106258
261052707
261359406
257705666
257529149
257315387
261117500
260286590
257383209
261200743
261242257
260897110
257700796
258225651
259847669
257784675
260428407
261405941
261208701
260862779
260885780
261012776
257571552
259927842
260863559
257425519
261196917
257899010
257482350
257436703
257304516
261395931
261198242
257538016
257599954
260821116
260781009
261389776
261074426
261327730
261191212
257849420
257331932
257483378
257872595
257443854
258249983
258591729
261190357
259753922
261230000
261334191
261271456
261232029
257454810
258260109
258013228
261190557
261219919
258073304
261012950
259414153
257666439
261197995
257863922
258495212
261328714
257383866
260833580
260860950
261027261
261115438
259353240
257468381
257862830
257364399
257895203
258225082
260858085
260967241
260944573
261198423
261165431
261058067
257779530
260656820
261315474
257617034
261402562
258080260
261296837
257631922
261224242
258068950
260171928
259339465
261378050
258637789
258036371
260058112
257926313
261312200
257510413
257817258
261011692
258410499
258219931
261228549
260884460
259179856
261077389
261213663
258178803
257490275
257421674
259187364
257341197
257479563
261158949
257370039
258113068
259069455
257639582
257855552
260834566
257959227
260981090
259504432
260826824
261410395
258192672
261066259
258290217
261108546
261207234
259122554
260881587
261348781
257337584
260179951
257726114
260831268
260823769
259791088
261065055
257291957
257613830
260882769
260943245
260922607
258726721
261273667
260843955
261282838
260907748
258684253
260649810
261190487
258013655
259059381
258271849
259793697
261050334
260605282
257488620
261374183
261238554
261273176
257579992
258906809
258126025
261280455
260963936
261382974
261397801
257449411
257312030
257296678
257668007
260976831
261084482
261317482
257413709
260509499
261351108
260133157
261303667
257451081
261119032
261373632
258282328
261412967
261191032
260024202
257320332
259715800
259112882
258606648
261346995
257870948
258761472
257324118
261172635
257475787
