261129741
261397906
261034327
261156348
261021240
261008392
260911372
261346562
261186298
261164603
260991583
260994917
261258633
260803926
261203592
261060785
261070749
261211808
261363229
260837787
260843286
260822682
261398279
260827534
261399152
261285911
261276609
261210872
261246730
261198423
261190487
261400766
261153854
261336039
261014906
260893465
261368225
261186845
261053170
261337427
261175905
261240997
260834566
261345871
261380122
261382974
260898374
261076108
261096196
260939941
261375337
261235176
261204896
261048744
260981129
260945750
260988273
260849385
261053001
260979968
260951574
261404516
261394476
261334378
260888598
261404994
261073987
261112422
260802996
261392597
261000873
260959790
260897176
261019388
260883407
261062202
261196758
261253001
261269265
261246288
261316511
261413997
261164808
261374707
260997507
261382613
261037305
260981090
261131070
261205285
261290020
260847389
261253604
261198517
261048753
260972314
260844179
260881376
261398361
261254350
261040378
260972782
261237678
261061492
261113184
260835528
260997957
261337300
260876485
261290587
260874908
260903003
261069395
261354835
261043276
260936547
261165749
261277589
260926370
260980029
260891620
261390111
260939257
261199357
260830885
261227899
261102319
260919891
261024317
261352601
261405811
261215583
261277480
261012776
260897288
261009172
261169451
261161227
261394647
261294583
261224242
261302451
260952672
260928657
261194222
260978947
261383391
261345075
261237284
261099448
261125277
260815727
260978538
261048889
261408814
261180537
260921996
261023368
261125550
261046210
260816587
261364827
260942457
261070799
261201012
261048375
261359406
261009419
261405941
261180183
261074271
261232288
261390262
261278491
260985818
261184018
261028648
261353223
260938245
261194621
261368981
260970577
260845439
261280367
261185208
261317415
261364250
261112503
260910093
261245683
260978158
260821923
261157009
261269763
261379125
260843575
261114709
261380253
261219316
261210772
260842925
261108995
261019399
260848367
261002091
260967321
260891445
260954804
260882145
261238512
261372840
261171509
260861207
260939591
261303784
261294212
261056503
261066925
261376953
261317407
261191077
261198253
260946511
260980441
261061381
261311583
260902236
261097593
261218452
261183376
261031522
261413075
261328340
260892028
261125720
261077141
261123964
261319743
261283305
261278373
261407581
261096266
261073707
261110308
261203271
261243647
261232134
260917757
261197707
261093271
260892526
261404427
261185802
261412620
260911761
261344894
261331591
261045182
261015887
261292702
261104879
260968046
261312352
261001376
261395931
261199394
261181803
260980272
260968320
261216035
261183020
260928716
260934737
261239244
261282706
260897825
260860950
261299885
261353572
261273667
260908446
261028405
260845412
260840606
260851204
261016097
261337910
260895760
260892995
260825735
261279732
260803994
261369904
261067996
260810245
261402562
261297271
261163078
261158932
261189251
261231878
261267606
260909017
261339767
261200343
261382299
261336118
260875838
261412176
261154189
261341118
261184677
261267180
260937916
261264843
261342622
261355359
261008321
260861450
261256049
260983003
261335741
261247751
261084175
261259759
260962301
261017962
260813090
261265691
261008218
260803374
261107403
261303937
261383787
261149787
260831424
261009770
261311239
261272486
260828709
261157694
261094499
261026815
261374465
261071970
261105548
261056707
260889370
260813564
261072748
260925001
260999881
260824773
260967927
261168654
261168510
261353704
261060028
261074426
261049763
261227299
261405939
261367663
261120166
261159051
261319224
260988798
261147688
260982166
261207234
261126823
260844167
261218858
261304589
261118493
261398341
261105489
261300377
261396589
261249278
261410400
261392367
261245120
260853814
261260672
260980224
261401884
261382863
261169801
261344972
261067768
260808434
261156481
260949787
261385916
261135648
260918501
261229423
260993147
261172364
260948590
261313969
261097211
260836049
261122165
261397212
261248123
261110563
260844321
261312200
260922882
261328714
261059471
261218149
261132030
261034560
260991072
260918822
261190557
261143869
261002144
261350537
261175432
261250202
260837264
261296569
261217572
261071381
261344252
261355850
261179378
261006189
261257779
261010266
261091049
260823769
260834529
261217759
260993559
260850176
261296133
261378321
260908875
260885780
261185393
260957365
261168072
260992183
260896956
261200785
261410395
260875276
260822469
261321542
261275504
260962598
261156425
261276259
261386217
261135282
261290905
261191591
260970346
260854408
260850967
260850755
260971229
260828571
261160780
261086338
261222740
261161439
260804606
261351108
260992833
260850199
260920330
261312388
261103276
261229324
261005106
261051534
260936040
260914633
261166267
261275283
261302998
260864380
260991636
261373338
261281812
261204506
261024593
261239320
261330113
261335539
261167078
260989089
261039650
260968742
260916771
261284774
261249202
260913705
261262327
261064584
260955871
261228056
261162257
261063223
260942069
261316979
261206445
261334028
261043169
260963528
261277645
261228009
261025526
261016233
261062254
261402778
260827298
260984165
261052707
261130661
261233906
261365129
260843115
261051943
261039112
260973119
261095368
261095607
260835964
260823812
260984618
260858992
261247815
261094188
260983587
261014307
260957377
261164911
261245945
261413793
261389776
261197629
261332829
261236726
260958770
260959559
261060681
261411537
261030988
260988936
261049059
261191032
260835801
260986595
261029816
261412400
260836547
260978792
261214386
261147453
261387769
260960219
261325014
261294582
261189450
261168346
261369595
261409119
260909321
261307282
260979094
260892897
260946801
261180046
260941462
261055593
261273745
261203002
261312273
260910146
261076199
261145512
261242545
260988901
261103669
260973422
260974911
260941646
261377696
260912850
261296624
261329219
261394126
260814668
261203140
260855275
261126555
261311274
261188668
261204660
260956042
260944573
260801998
261168114
260816097
261413679
260883048
261036297
260812709
261344856
261382476
260868502
260990103
260959133
261122193
261353814
261013070
261316263
260940960
260939171
260872952
261115696
261350253
260944719
261222104
261278774
261217286
260871675
260820149
261405819
261379414
260861735
261298824
260976642
261317501
261208701
260944184
260917451
261054321
261127126
261177865
261373130
260884673
261266121
261315755
261392370
261254188
260869594
260861041
261011569
261330793
261369996
260808431
261360575
260825492
261287419
261380738
260806068
261215420
261322491
261375510
261382582
261073373
261160690
261243306
260988048
261411702
261259360
261191054
260974381
261049987
261406898
261317442
260997340
260846076
261350646
261151758
261030252
260881580
261301453
261127590
260897154
261341629
260975361
261263654
260993389
261372122
261283268
261230277
261174980
260881587
261084433
261319820
261334191
261358333
261080841
261148760
260827595
261123995
261012747
260998290
260879295
260854914
261169395
260956996
261182532
261359135
260932658
261035689
260860679
261198276
260948597
261000846
260837821
261292466
261176836
261229886
260814793
261413763
260967241
260891848
260810720
261408211
261072523
261177292
260882769
261088495
260922288
260823587
261152175
261012603
260979888
260842101
261221066
261381364
260844944
260863492
261083351
261110148
260892486
261040156
261395959
261017823
261186706
260978720
260844550
261119150
260836228
261242731
261308678
261274639
260999891
261313368
260862235
261403878
261075189
261238207
260875643
261102595
261213955
261153714
261191195
260956900
261080507
260963936
261385330
261163913
261413470
261080891
260919246
261383919
260827586
261209260
260818063
260903028
261371169
260889397
261189799
260976638
261018748
261252383
261205758
261331496
260989047
261172406
261366321
261292583
261306878
261095684
260999984
261191194
260982223
261199994
260971828
260980543
260866670
261406545
261212565
261246391
261085963
260810119
261344408
261052623
261203332
261081418
261185526
261009579
261211190
261182108
261361048
260861189
261131207
261277747
260843268
261288883
261007309
261293169
261353761
260864677
260999943
261099165
261175598
261075712
261360317
260976406
261117237
261290087
261012128
260840945
261259078
261385275
261407028
261324662
261229080
261095722
261146660
261170295
261019207
261293550
261122389
261405381
261370956
261259187
261136616
261289950
261135623
261308216
261268378
261341929
261341696
261131625
260948033
260926026
261095678
261054778
261294118
261043035
261136000
261251495
261244184
261198242
261168160
261032328
261061050
261220083
261008329
260873984
261191188
260932600
260843955
261189142
261104384
260907201
261045783
261307484
260960398
261092270
260915851
261173557
261365360
261166381
261266648
261236549
261322393
261255130
260996046
261204126
261065759
260848880
261402438
260933921
261066254
261128919
261150544
261146957
261374879
261202224
260887009
261412188
260905725
260851246
260842086
261315256
261185970
260858350
261248542
261365340
260909546
260849765
261186986
261337553
260807048
260822120
261148798
260901051
261195000
261084426
260891976
260979749
260880322
261366425
261405483
261052589
261115724
261376177
261057413
261017176
261110717
260919021
260843541
261128481
261369588
261332676
260889805
261190271
261260702
261002845
260946353
261398719
261351880
261395693
261304372
261223725
261155434
261005639
260896135
261303478
261105784
261311286
261093893
261026619
261401441
260943643
261265292
261402741
261009714
260984475
260969121
261335831
261122221
260921785
260901465
260914849
260837694
261298004
261180789
261187807
261180178
261292954
261191256
261409167
261192540
261172965
260825746
260878782
260922635
261362091
261218351
261278259
261172511
260918868
260849205
261087145
261144216
261135244
261194089
261303705
261110384
261156334
261272880
261235613
261333987
260932886
260979802
261381176
261366767
261332381
260858085
261287527
260973712
261170608
261108814
260849355
261378050
261324470
261252952
261321872
261296691
260837819
261039934
260863795
261225783
260823238
261252202
261171256
260867861
260885883
261065789
261395235
261081357
261367457
260966033
261216003
261221329
260828262
260996873
261060668
261301484
260907515
261340203
261003365
261056622
261014194
261245018
261067915
261390706
260827439
261306623
261411397
261023991
260957447
260949977
260869830
260815407
260860322
260968914
260807588
261366392
261121658
260826400
261172635
260953959
261250622
261134505
261400664
260881950
260873963
261228391
261324315
261327254
261307849
261198265
261289157
261320267
260980209
261322625
260982352
260826160
261112487
261120780
260884932
260977191
260949160
261072445
261379701
260895782
261339387
261001984
261387826
261245569
261409864
261213698
260830954
260889683
261275671
260926576
261273176
260980730
260964344
261256948
261152248
261174063
261397564
261349312
261121959
260925593
260835567
261059325
261328678
261333233
261246534
261366273
261090933
260978932
261188529
260892941
261411228
261252899
260829934
261398775
261412749
260806437
261327730
261117475
261029035
260882673
261067166
261314063
261090420
260959657
260978679
261062707
261180823
260840410
261098013
261194210
260801883
261118077
260831334
261300819
261244017
260957626
261115438
261012276
261286778
261372131
260941246
261054681
261130108
260848969
260931011
261380601
261367255
260867953
261155360
261247877
261267800
261100485
261056620
260898681
261333868
260821361
261046161
261074694
260867987
261167747
260838145
261393412
261341879
261197995
260989804
261289165
261068336
260988575
261230000
260974525
261056853
261399188
260933870
261337219
261147279
261276560
261286180
260853111
260847273
260931711
261086682
261266847
260939653
260920060
261179310
261259241
261240992
260984337
261296281
261122230
261373349
261301761
261412674
260892293
261289179
261358134
261140601
261175626
260912023
261074882
260874343
260855326
261338749
260833580
261334334
261211469
261104453
261047909
260806057
261409712
261032340
260976438
260801490
260948435
261158955
261359623
261110470
261159467
261378233
261130800
261224334
261346711
261254413
260806433
261400679
261188265
261332957
260847110
260810042
261273345
260977254
261172866
261207508
261191212
261195721
261086531
260995143
260919132
261203022
261326082
261193402
261050808
261270462
261161274
261227864
261075929
261077603
260848849
261220066
261111741
261014401
261403590
260996350
261179695
261044001
261217487
260962065
261091930
261093331
261127480
260974634
261047997
261217718
261131267
261066489
260984805
260814958
260907748
260989697
260835171
261265207
261227374
261069587
261257435
261021556
260810821
260906247
261045273
261196439
260824584
261171207
261373632
261374073
260890678
261229768
261031015
260893033
260984372
261081098
261393259
261342767
261100016
260903192
260898233
261112631
260907193
261408223
261299647
261060520
261168360
260939815
261091837
260822116
261292028
260931738
260914045
261408553
261235293
261410231
261250091
261120249
261012654
261002896
261282838
260912072
261245740
261044636
261359450
260829274
261170476
261163055
261090220
261352532
261091668
260921539
261315474
261269331
261180437
261054437
260850601
261246923
260982837
261064317
261065055
261300510
260875651
261239557
261412326
261193147
261255095
261291145
260988959
260882016
261311333
261076901
261070922
261224927
260835466
260943861
261119502
260990372
261128125
261120208
261226339
261412969
261035250
261350668
261103990
260844252
261339760
260919245
260832499
261147696
261301089
261220044
261368229
260834562
261372314
261223591
261335278
261327912
260925942
261342786
260853974
261034503
261274473
261108713
261338902
261020675
261190491
261003909
261118540
261232862
260951141
261199237
261189903
260979960
261008698
260897110
261240506
261249400
260851804
261303640
261197901
260912464
261210392
261332876
261168430
261171997
261251491
261315197
260979853
260837692
260874922
260931623
261368338
261203744
261057635
260802557
261107410
261284155
261168740
261161175
260959500
261393600
260947465
260930329
260915349
260919135
260909569
261259783
260915853
261171971
261336312
260833649
261145199
261369382
260861823
261061083
261116402
261007351
261276614
261084984
260854657
261159050
260832395
260925498
261126688
261384736
260830883
260998355
260804531
261054795
261267358
260978427
261323812
261391459
261403855
261354707
261386648
260842229
261334370
261023950
260810655
261288416
261137508
261074769
261384613
261242123
261253647
261029614
260843616
261241237
260907966
261223119
260893506
261255221
261009072
260836831
260811418
261041371
260810406
261083536
260938956
261366138
261328585
261303150
261283887
261000931
261154571
261315825
260836961
261185343
261266171
261229574
261083540
261386991
261216602
261121447
261329056
261085163
260922047
261322510
260995168
260916458
260831268
261116435
260834849
261111786
260968439
261232029
260831197
261090380
261195622
260924938
261228474
261353411
261069956
261300030
260978878
261311086
261244160
260910070
260904944
261148284
261208242
261014983
261204752
261362462
261306342
261401312
261279110
261410592
260947394
260895751
261375492
261191749
261266209
260962981
260891570
260820732
261103699
261232519
261177964
261317927
261240336
261164443
260894090
261205704
261117879
261196917
261374344
261016455
260921028
261110488
261146397
261388946
260976491
261327078
261115154
261372039
260881937
260892031
260830719
261392391
261105316
261235718
261354768
261304038
260931886
260885879
260886993
261083395
260992270
261002804
261154718
261295237
261275126
260983724
260923910
261082152
260990412
260980580
260801346
261349976
260883486
260868538
260928109
261223445
261276715
261218847
260834492
261188436
261359381
261396203
261161686
261178517
261189881
260911146
261262070
260906032
260820447
261230154
261409929
260809279
261307204
261295415
261254238
261076829
261191779
261291073
260856674
261323396
260958327
261109094
261025724
261118013
261077678
261156408
260940208
260966236
261143455
261406235
261346932
261063677
261382809
260897993
261383430
261310050
260940182
260828901
260887958
260818673
260813119
261255672
261322692
261389658
260848168
261330766
261052320
261256774
261066038
260813538
261237463
261118234
261270098
261247106
260904125
261322947
261238554
260937716
261127121
261272761
261169650
261006206
260917370
261241398
261166885
261051958
261370124
260822611
261244481
261261047
260870973
261306525
261237110
261200096
261185992
260842143
261106887
261263722
261051604
260971605
261342916
261286030
261215314
261087607
261115004
260946497
261168512
260964435
261224145
261246097
261052143
260976831
260915145
261096360
260828816
261146588
261240707
261261590
261102534
261313069
261118735
261021382
260936474
261191239
261327292
260942239
261149308
261304734
261384785
261243894
261331745
261122679
261150594
260820483
261023647
260921237
261236538
261074567
260829761
260977012
261086929
261017708
260957688
260924623
261100556
261016033
261266360
261376999
261340778
260914206
261398865
261262763
261012023
260999351
261090983
261359125
261272637
261253720
261117608
261269664
261196621
260955909
261353607
260991710
260867393
261170732
261300957
261102443
260952655
261061350
260869450
260933900
261369642
261242407
261329535
261056780
260885709
261215878
260827513
261215909
261334228
260896105
261210917
260934482
261304632
261076608
261344037
261298453
261131321
261302361
261270760
261111264
260806993
261016333
261178884
261109592
260925010
260837974
261313164
261111242
261101973
260879930
260947075
261167726
261209384
260987588
260805949
261228549
261231293
261412022
260874340
260969485
261233480
261014992
261248593
260897104
261363841
261394989
261089712
261287252
260809824
261232067
261366705
260914208
260851638
261327402
261015585
261330831
261027888
261238671
260888921
261238660
261380626
260861214
261355112
261242933
261205050
261102224
261238452
261389869
261178500
261365389
261019329
261191081
260935901
260818541
261171788
261341503
260930489
261011692
261119064
261015940
260877443
260808876
261153090
261154239
260881563
261016045
260826461
261303371
260849239
261002801
261005898
260826978
261073786
260833771
261181413
261176957
260947877
261388519
261011385
261312259
260853760
261081196
260962791
261108546
260919684
260808576
261205391
261131993
261153295
260924870
261219919
261263655
261064312
261270997
261164953
260841940
261111778
261367247
261146949
261255263
261319357
260929468
261411836
260842983
260808675
260807693
261389195
260971159
260806297
261121756
261061732
260989955
260938831
260833806
260923921
260987111
260851346
261128248
260956178
261037149
260910788
261288776
261166908
261289400
261392893
260899096
261187061
260844358
261395653
261109134
260905335
260960203
260831988
261162786
261382439
260917121
261003881
261412967
261247045
261347191
261151031
261125242
261248723
260805722
261118066
260809208
261205141
261369873
260940870
261200325
261225558
261035125
260821087
261179694
261244419
260821047
261374270
261208501
260862149
261396610
261225251
261174858
261207888
261008476
260857306
261367933
261145865
261238894
261202952
261203757
261359282
261255903
261327241
261072831
261348123
260917712
261406109
261254810
260892778
261179182
260978479
261381201
261068205
261130432
260801937
261250626
261022665
260827616
261159837
261414100
261333277
261194162
260979934
261000368
261295128
260860087
261358702
261313293
261236930
261351799
261371692
261180722
261192266
261327382
261211952
261007912
261316121
260853104
261174593
260948394
261377998
260921435
260838390
261020398
260961578
261413358
261130667
261120931
261306295
260863349
261038629
260943245
261043801
261044423
261379336
261142300
261019558
261216552
261194149
260808746
261358554
261355665
261198247
261343092
261291129
261209196
260878559
261307834
261235963
261272463
260850944
261055382
261252701
261376314
261021575
260906299
260909085
260999894
261004565
261080697
261168350
261289281
261115857
261014361
261371286
261158928
261195423
260985162
260864325
261367484
260979263
261186073
260834928
260903781
261257396
260997142
261278160
261380003
261112017
261051563
261156273
261319062
261291802
261149415
260985345
261383740
261389783
261257388
261273319
261394172
260909061
261152450
261207734
260823458
261327918
260836595
261280040
261069789
260838148
261073965
260973723
261241227
261030159
260901914
260878139
261348781
260812991
261121253
261118304
261304154
261172095
261123910
261291575
261389318
261412922
261170802
260899464
260866332
261114611
261116059
260939864
260802902
260973801
261297360
261213663
261320155
261211743
261283730
261397625
261115972
261296837
260976665
261385820
261373621
261050779
261238550
261116304
261366580
260897258
261152411
261254376
260878237
260961095
261214970
260867041
261320277
261092810
260947436
260919547
260992491
261152166
260835443
261115768
261339978
261336184
261109970
261102380
260989259
260949852
261064446
261150348
261307326
261317119
261339784
261245872
261395061
260868570
261361147
261245024
261116359
261224795
261290922
261339038
261105498
261380335
260898606
261317175
261377356
260860723
261131562
261303992
261349480
261309479
261306868
261250806
260993751
261090086
261221001
260816484
261212660
260991639
261241611
260898592
261399319
261336031
260929315
261165431
261328101
261264047
261114704
260814928
261369707
261337079
260965912
261265303
261191890
261300841
260963551
260901917
261349444
260879969
261200743
261302798
260993844
261076004
261190189
261201037
261120034
261311175
260816295
260870384
260902735
261360146
261119032
260919392
261058067
261239317
261004156
260981162
261060189
261028644
261369826
261369321
261159189
261300322
261177113
261349761
260849884
261047087
260983838
261347434
260919023
261245952
261100182
261009983
261165156
260907155
260817754
261076812
261109186
261292060
261336143
261047873
261159405
260899993
260831800
261246007
260806149
261354842
260901365
260808983
261017929
261196581
260866886
260864483
260847454
261167516
260829697
260889461
261369774
261103235
261232776
260884565
261317512
260897942
260899540
261118648
260833650
261279014
261255348
260835798
261121278
261237080
261349853
261165206
261128877
261290717
260989463
261174202
260843853
261027242
261079158
261256185
261356081
261159783
260802408
261291532
260983143
261316111
260972618
261204013
260862509
260886199
261015885
261218527
260901802
261113199
261127162
261267305
261133795
260908176
261377681
261378656
261246088
261158051
261011111
261083241
260828040
260820215
261194176
261319299
261060743
261218955
261310538
261198117
260816414
261187506
261093904
260982711
261120042
261366528
261400798
260893009
260909431
261162290
260969132
260901006
261117165
261229536
261168802
261047584
261405430
260851324
261370297
260822985
261209820
260810480
261376919
261193069
261173066
261110134
261060997
261118752
261051403
261317251
261106617
260913765
261118686
261257490
260807467
260997057
261379316
260994740
260888205
261023747
261283619
261151128
261035113
261413551
260922607
261376417
261334082
261210602
260901509
260947306
261272283
261206328
261145138
260803619
260971719
261312010
260852566
261369617
261392394
261338849
261161030
260803297
261318040
261027261
261015789
260808489
261378179
260877170
261059488
261309570
261174629
260972416
260889695
261182983
260980189
261298053
260863559
261046320
261199606
260861245
260809023
261070125
261056681
261293739
261116813
261058180
261285672
261367954
261248078
261129755
261397801
260821116
260881644
260868213
260868096
261179980
260984409
261181898
260817709
260834015
261307720
261210670
261155403
261252517
261414036
260972663
261222570
260824246
261187619
260837209
261277867
261385762
260817215
261212706
261303516
260854331
261296967
261084482
261163470
261223383
261276661
260803101
260905988
260885594
261114352
261236482
261396853
261038429
260937667
260845025
261261584
261084320
260903841
260917823
261132773
261359878
261352967
261259860
261348061
261328544
261372116
261257597
261271723
260863677
260817113
261245251
261413535
261074263
260924373
260983553
261378693
261311659
261297313
260851358
260972804
261358883
261316951
260999176
260836938
260833640
261384334
261322913
260803998
260876875
261257686
260964696
260963404
260858464
260929327
261151696
261270551
261362436
261338320
261107109
261006820
261061023
260937498
260880669
261158949
261129010
261066259
261089778
261128403
261389859
261005064
261232079
260915106
261371146
261040494
260995742
261378702
260996313
261411691
260907343
260950180
261397195
261067815
260935616
261040199
261390895
261194201
261346295
260878827
260814826
261190357
261344699
260845280
260976685
261207430
261178360
261197474
261372877
261263082
260931753
260807224
261321758
261217006
260808182
261239250
260913006
261196218
260895476
260958966
261265300
261343084
261111278
261170630
261252451
261273062
261026898
260878064
261270547
260948004
260854737
261084699
261096399
261155801
260932033
260921803
261376111
260941162
261071390
260993101
261219170
261282897
260966366
260936787
261028290
261074375
261047070
261203764
261226370
261407992
261299984
261262690
260862252
261128785
261382592
261142530
261161526
261207645
261402452
261152831
261335987
261118720
260860882
260948364
260844901
261394954
261331220
261324844
261081046
260985284
260810899
261115375
261170796
261170825
261202815
261139944
260889205
261242257
260857975
260826824
261306037
261032175
260874020
261278674
261116775
261196462
261259701
261339817
261210104
261387462
261228617
261206568
261192369
260957588
260908476
261218598
261316678
261109399
260989755
261184534
261405501
261086269
261076955
261120837
261112790
261129649
260869028
261398269
260990054
260841672
261236963
260922856
261150018
261270216
261277658
261060378
261304032
261004775
261317229
261162953
261297150
261252822
261364288
261259088
261385049
261108892
261308035
261389745
261289486
261173836
261099362
261073444
261389172
261280455
261290759
260897838
260886854
261284530
261208632
261028630
260911422
261050334
261183988
260969006
261062670
261119580
261237216
261371807
261086489
261345022
261304732
260982973
261239188
261119677
261158783
260863504
260899533
261263987
260884460
260824599
261229770
261126510
260901401
261029915
260847310
261041712
261307253
261404087
261285579
261378350
261382734
261200431
261081347
261383099
261409261
261353966
261404187
260946113
261405288
261185185
261158898
261337747
261188145
261356432
261385853
261316857
261203146
260972821
261063442
261026134
261349341
261037895
261129006
261307736
260991930
260995005
261315384
261311849
261164857
260991099
261252599
261297032
261046810
261206585
260882173
261078563
261346324
261355291
261064387
261030806
260981241
260929334
260869574
261389089
261014199
261115262
260960648
260835872
260947328
261206691
260940397
261114739
261285106
261381132
261392678
261145126
260893394
261109828
260918384
261364640
261372565
261054973
261105346
261274656
260816821
261130262
261161804
261190250
261164320
260886065
261081608
260946699
261311149
261186405
260961183
260978623
261258288
261065558
261379917
260856271
261395613
261251895
260901807
260849792
261034725
260880357
261197760
261023426
261353198
261244329
260828655
261028724
261036083
260894480
261077389
261208325
261239539
260888633
261129506
260958001
260852340
260834340
261257408
261227404
261020792
261085611
260809341
261121064
260919399
261181765
261220754
261263997
261021658
261321781
261228182
261348289
261412029
260941243
261235346
261120385
261374183
261372496
261024186
260974656
261239126
260808704
261117500
261044193
261372235
261224835
261193103
260822272
261170392
261258757
261414020
261210002
261070139
260847312
261371769
260891670
260931691
261300646
261375719
261063089
260833303
261017734
261068659
261198608
260842149
260931291
261346995
261350725
260946529
260907472
261149063
261164279
260902272
261065141
261140161
261101431
261191290
261118241
261153620
260998170
261311983
260995606
260888954
260855061
261006407
260811887
261006297
261086443
261218793
260911371
261038260
261194232
261043836
261212203
261045957
261317249
261012950
261378112
261191157
261233296
260877710
261271456
260870266
261316510
261128591
261038389
261254025
261254953
260917994
260912290
261186781
261081589
261022074
261192979
261251743
261399236
261093224
261302692
261318676
260846785
261125027
261342305
261355226
261190637
260931299
260941965
261040138
261229921
261261985
261181684
260997285
261329896
261395519
261226443
261103504
261004624
260816881
260838869
261180283
261369804
261047683
261255563
261246188
261240947
261407084
261170924
261066306
260830151
261104096
261298862
261401873
261204611
260856488
261389838
261355964
261368928
261316229
260948610
261413625
260862779
261200243
261076708
261181039
261070684
261111712
261232427
261207167
260916599
260906765
261395952
260984101
261284819
261371788
260982361
260845268
261303667
261105455
260920977
261240497
261406130
261186902
261413597
261309014
261395659
260904570
261040036
260949890
260932010
261181555
260945831
260955596
260945230
261403521
260866436
261119627
260911399
261198722
260867790
261205727
261374457
261236922
261064504
261322999
260996602
260802963
261193841
261149620
261092451
261248940
261411471
261001328
261266143
261372233
261237703
261044756
261018520
261231277
261110848
261116014
261381921
260919104
261265850
261004718
261380261
261284167
260822035
261124353
261066652
261186838
261297386
261367468
261212547
260868478
260864438
261251288
261148846
261173262
261185497
261389837
260853607
261317482
260803485
260814354
260992639
261194696
261056165
261324029
261202913
260945023
261385134
