257853599
257893256
257744310
261158949
258240959
257352552
261254188
257950782
258897477
261348061
257375469
257872595
257414958
259104988
259715021
260989463
261407084
258660183
257963703
260481575
260889370
257505374
259960047
259270839
260851804
260921435
260111327
260892526
261405483
257893147
258577694
257762098
261344894
257988628
257626318
257360384
258006038
260563707
258199922
260378779
260849205
260757694
260941646
257889850
258469179
261236930
260755876
261359406
257310366
260922288
257351870
257860062
261130667
261206568
259203528
261349444
261131207
260200414
261372131
257758904
260915145
261136616
260745523
257331434
260070149
257436677
261108995
257308039
261411471
258250427
261185526
260810245
261181413
259427554
260939591
260651688
261224145
261388519
257550853
258783203
261166381
258052347
257541031
257461751
261105548
261327241
257384118
257385598
261060997
257419180
261414100
260307269
261030252
260722822
260580708
261255903
261382974
260508772
259311252
260901365
257498774
257748681
258026892
260361401
260854331
257316814
260847110
260247476
260821361
259615265
260944184
260834529
257408744
261101973
259679429
257628125
258744933
261300510
259037921
257358152
260878237
261400679
260985284
259453361
261224242
260808576
261108546
260979960
260892995
260971605
261256774
260649810
257386278
261171509
260968742
261107403
261324029
261009770
260083287
259337450
259852091
257360785
259963049
257759950
260990054
260840410
258067257
261240506
261160690
259250255
260932886
260214710
257341153
260837692
260106990
257874719
261356081
260976831
260093590
260946801
261378656
258095628
257652233
261106617
261231878
260891976
257451347
257931228
257339071
259465172
257780037
259600208
257479919
261324844
260124875
259574591
257341197
260091406
261190557
258840854
260604475
261052320
258663691
258409021
257406377
260139260
261387826
261191054
259112882
258149103
261259088
257391373
257480625
257422408
260826461
261043276
257460112
261223725
257855383
257723193
259659162
258181109
257597860
258622723
260807588
261394172
259129577
258850289
257836807
257487115
261306525
259277546
261085611
259279969
258010729
258792900
257381325
257705666
260977191
259278792
261056503
261172364
257425652
261071381
260134327
260000123
257432648
261367663
257875217
259129611
261360575
261319820
260117058
260877710
257315922
261321872
257339378
257646882
261130661
258031776
257298539
257962114
261328544
260808675
260098493
260882145
260816821
257332797
260999984
261190491
258991511
261004775
258178292
257785765
258520150
261159051
260996350
260287724
261375510
258144509
257849018
259646855
259229143
260860882
261270098
257390132
258948403
259714905
261093893
257391425
261044423
260838869
260834849
257417559
260948610
257369237
258438173
257783105
257676880
260923921
261218598
257506596
257464309
261180283
259296042
257483612
258136114
258179582
260868213
259680737
259027580
261009714
257686448
257444692
260169923
257444997
257390200
261167726
257897572
260828709
261235718
257407474
257407506
259237955
258408005
258062554
260856488
261390111
260891620
261385330
257698590
261061023
257421424
260326634
260312563
260911371
257356790
257773119
260849385
259549897
260960398
260978932
261298453
257442499
257515111
260862779
257489762
261290087
260816587
261169451
260638354
261095678
261228182
261364288
259660385
261128785
258007287
257954903
257541617
261099362
261178500
258816563
257447192
261413535
257385075
261337219
258882511
257736578
258551293
261242545
257293741
257396026
258146498
261398865
259234667
260036833
261277480
257998516
257476919
261109094
260861823
259815598
261337910
258236822
260678979
259428492
258711850
257482350
257364399
261149415
258268566
258055905
260985818
261301453
260336284
257321013
259025900
257642265
261255263
259002526
261021382
261224334
261380253
260830883
259963359
261168802
260807467
257651940
257892389
259861963
259626587
260124975
260108960
257369433
261118648
261304372
261385049
257870948
259730291
261244017
260968914
259847669
261095722
260605445
258745288
257383209
261267606
261351880
257437078
257464099
258855928
258049077
258032197
257918781
260843616
259753922
257468943
261248542
261302361
258563466
258113068
261338902
260836547
257304516
257599954
261327254
257593580
260836831
260509510
259471928
261096196
260774024
258153903
261146949
258313587
257433842
260597842
261238207
259526492
260868538
257841483
259467075
260821087
258262525
258332726
258076026
257731360
261219316
257337596
258559012
257988923
257711394
261232862
257349567
260827534
257308570
261315474
257837704
257735214
259521789
260889695
259876156
258060507
260193665
258786873
261037305
260984805
258700082
261180178
261161175
259892976
261191890
260397803
259069455
261240947
260885879
257468039
259456879
258493733
257612182
257431516
260847389
257945571
257311213
261002845
257410056
260892028
261021575
257889673
260962065
259341643
259583463
258419112
260982973
261053001
260307130
259646220
258836632
260901465
260251624
258693570
260906032
257474093
260988575
261368928
259910533
261014307
258491866
260854914
258456682
257732288
260976438
260823812
257900167
260306722
261090420
260896105
260993147
260945750
257411841
260864438
259243408
258868368
261323396
260043472
257421674
260572107
260992270
258509142
260980209
258225082
261367484
260534942
261014401
260640174
261238512
258151610
261355665
261409929
257384464
260868096
260835801
261023647
261038429
257648426
259609327
261006206
261284155
261194222
257349215
258583679
261317251
260442358
257375058
258124001
257884050
257785879
261213698
258909438
257742640
261237463
258993775
258475338
259694889
259945909
260194307
261312200
261135282
257404081
260863559
260983553
259504432
261118234
259922481
261406545
260872952
259927509
260912290
261339760
257405600
258032610
260873963
257394336
257445960
260913705
258178803
258484672
257303020
261296837
261191239
259218522
261207234
259540376
260194099
261208701
261252701
261311659
261180437
260931011
257431306
257537111
261400664
257817258
259652137
261251743
257881065
260180381
258543312
260978479
261081196
260542939
257442079
260656820
260917994
257709460
258117836
258461500
260972663
258256798
258670621
257423289
261132030
261276715
261349312
260362188
261241227
258686789
257406591
259824920
260961095
260971828
259016552
259444031
258591729
258145453
261406898
258267265
259754709
257793766
257475531
258333587
258637961
258872295
261257408
257690986
259525132
257977237
260278437
258141320
257674019
257416474
261405430
260863795
258538740
257481117
260152838
259654852
259412131
259790781
258117471
261412022
257815938
261351108
257478098
258167912
260286590
261331220
257867752
257559918
261257388
260852340
261200243
260084946
261256185
258293080
258053858
260789182
257729486
259261056
259165494
260460206
257938671
260855275
259114715
260834492
261266143
261065558
258786044
259693934
260276323
260047457
257407223
257301045
261073444
258609190
260853607
257968555
257339188
261005064
259898396
258179287
261294212
260824584
258064298
260901802
259306081
259586231
260897110
258804284
261300030
259813356
257859381
260901006
259627866
261062202
257451028
260910093
261194176
257366198
259657886
258000575
257769589
257763148
261229921
257369794
260248129
257754003
258231777
261123964
261342305
257729022
261278491
258169885
257899050
257899010
261122165
260937667
261073987
258713650
261008392
259105801
260451484
257739099
259122554
261125027
258018291
258047611
257344321
257681588
257443925
261272880
258154831
261203592
258708133
261081046
257393568
261200785
261228391
260980224
259514050
259703811
261109186
257353051
260909017
258145990
261061381
257571633
260842101
261030988
260861450
260907201
260902735
257970031
261275671
260121667
261362091
257337708
260005827
261149308
259143041
258574174
260734059
261084699
261104384
261331745
261413075
260619470
257383975
257798484
260922607
259915381
257475477
257326520
260827616
260926026
257697125
261260702
258097577
260982361
261054795
260980543
261028630
261008329
257949663
258209121
259173008
258708354
261168512
258208890
258916222
258040782
260876875
258561105
261363841
261143455
261335278
257649505
261131993
260129382
257474878
260084522
258841238
261285911
260991930
261263654
261380003
257976634
261237703
258838028
261372122
257382438
261344408
261121959
257685066
258623644
261118686
260803374
260835443
259137271
260151136
260808434
261401441
261261590
257529149
261405381
261369774
257555602
261170608
259301672
257726114
260618110
257731721
258359151
260382194
258769680
259975999
260251842
258338160
258091715
258136144
259715617
261118752
260489480
260901807
258195385
259276160
257424123
259310118
259125773
257399548
257426621
260842925
257730568
261232029
257321844
257414607
258603725
259302458
261106887
261282706
260932600
261398719
261261047
257316865
261127480
261168350
257375712
258271849
258078491
257325626
260459723
257791561
261133795
257787530
257729992
261154571
260843955
257703357
259111806
261353223
259727118
261278373
258869816
260803926
258073070
257832414
260881587
260302767
257437769
259286275
258168270
260885594
261116014
257461383
261195721
258412619
259133753
259931835
259434714
257329201
261350668
261203271
257799377
258471645
257368297
260593640
257433918
257479885
259368937
261365389
257957211
257464890
257308115
257995195
260562129
261086531
261148760
260835466
259135025
260941965
257421598
261282897
261191195
258590156
261198608
258971768
259712544
261071970
257352563
257488842
258871075
258058022
261409167
259202427
257346354
260410404
259365775
259531772
261206328
257779052
260863504
261336039
260939815
261389859
261160780
258996158
261399319
260223714
258247920
257490275
261248123
261168510
259791088
257464997
260137821
260364000
257325884
261083351
258154543
259098067
257367882
259019669
260166268
257381574
257403526
259894572
257409891
258428186
257472279
257326946
258221652
261168072
257956834
258335172
258226962
260856674
257895203
258225761
258140192
261303150
257336066
257429239
260877170
261226339
261259360
258513032
257295349
261188529
261140601
261349480
257345953
261242123
259629366
257327968
260885709
260651101
259478038
260719081
257790154
258242298
261035113
261031522
257733463
260171928
258117686
257672234
260725463
261232067
257481631
261032175
260806437
257361915
257832565
257295018
261376999
258136617
260897825
259772102
258412964
257297058
260715356
257399761
260901509
259908611
258331485
261170295
257352791
261076708
258035340
261224835
257403208
259646155
257829697
261346295
257367806
260910146
257459075
261073707
257742794
259227206
258317601
257795640
257333803
258949233
260821116
259915081
257479302
260454131
258955857
257354960
260600862
258210343
261311149
257989986
259887092
257379019
257440565
260197983
259321639
260928716
257404712
261221066
258055866
260887958
257576630
258484727
258658561
259391271
257437290
261120042
261328585
257474965
259168837
259416474
259849017
260992639
257483053
257298957
257339873
258361762
259828438
257698233
257493994
259909851
257917413
258154309
257434605
260972618
257369846
257513289
257480327
257434510
260358294
259055847
257418220
257893923
257486955
258960688
260244935
258173739
261173557
260946113
258036371
257406803
257944733
257810848
259251944
258086798
260995742
259453861
260814354
257397052
257340969
258732529
260894090
260897154
261003881
261076004
257799172
257466003
257656135
260914208
258034015
261316678
257362528
259847425
258927195
257737633
257465875
257399287
260998355
259893959
261366321
257932165
257455093
257350655
259791599
257419599
257554966
257445256
257639493
260901401
258150505
257943217
261194149
261019388
257690744
257315387
257999001
261369804
260303642
261290587
259382842
257899475
258125551
260861189
261232427
257857522
259738698
261186838
261104453
261246923
261116813
261231293
258223013
258792523
257438353
258192186
260875276
257447039
260947436
260472173
260814826
257305146
261205727
261045182
261301089
259170463
261113184
257819595
261073965
259034785
257348250
261369588
258859078
261290717
260492496
261276614
261275283
261341118
257688161
260119751
257400147
261145865
257345383
261220083
261074769
261339387
257631922
260837264
258144835
260813538
261084984
261269265
257955214
258456357
260081408
257631560
259209350
261213955
259799834
261182983
261120034
257309461
258758092
260995168
260766002
260968439
259690311
261125550
258161631
259045893
259869091
257980777
261312010
260061770
260847312
258613428
261364827
258214070
260848849
257738729
260969132
257731686
258743097
261272486
258907560
260371747
259779673
261089712
259627071
257343196
260572772
257379827
258086706
260480529
258934328
258846520
261402562
260806057
260262569
257398194
257517197
260913006
261000368
260022249
257858923
261276259
261382299
257485655
257898495
257437248
261336031
261128403
261012276
257360750
257787964
260258332
260895782
258761472
258068950
259144248
260829934
260863677
261403878
260978679
259103303
258136450
259962434
257454528
259885809
260984337
261049059
257883671
261047909
257311352
259347189
261284819
261120931
257336575
257500728
261346562
259616994
258944823
261227404
258144515
257762712
259932787
258205085
257301215
257828061
258215282
258776908
258068774
257423683
261252599
259468260
259286590
258072835
260240049
260835567
261057413
261034725
257967095
257383373
260914633
257498140
258899440
257929389
258187199
257364828
257347443
261226443
257462079
257537330
258198850
259384618
258109345
257609684
257406485
258321613
257335319
261076608
260618453
259594664
259030038
257349326
260140552
261366425
257479402
257649600
261115262
257486367
261047087
258980757
261207508
261337747
261345075
258837714
257437097
257382305
257875773
260899096
260244632
257365225
257841966
258007934
261242731
257439085
261214970
260948004
261192369
261164320
259725268
261298862
257958847
259673956
260093318
257450773
261411702
260760894
257835097
259678249
259072654
257362368
260879969
261366580
257417619
257395820
261374270
260905335
260958327
257399365
260957626
261411397
260810655
258188923
260788349
260922047
258473500
259915747
258823055
261103276
261035689
260651212
261413551
260612961
261252822
261389837
261296967
258192971
261294583
257730072
257342747
257455934
258066446
257459891
258099844
257433820
257407356
257356029
257455579
260444512
257312030
261007912
260928657
257329265
257488620
260353021
258353422
261329535
257450799
261289950
261244160
261244184
257458714
257947242
258231921
258762551
257385005
260179951
261190189
257749642
261404187
261316857
261343092
257344542
260853814
261247815
257848275
260802963
258484126
260891445
260925001
261381201
261167078
261112503
260527338
257705266
258026660
259811518
257825042
257720224
257487381
260397939
260114025
261231277
257365011
260611091
258018073
257320332
257374499
257458294
261239539
257755891
260657002
259438667
257447993
261335987
261317175
261118013
258670877
260198476
258062753
260039291
261126510
260828040
261346932
257419167
261177964
257421365
257994328
260319893
261239557
258616629
261049763
257464386
258246539
260233398
261109399
259025026
260492729
257382579
261161526
259759193
258328055
257443854
257564843
257445887
260940397
261229768
261122230
261411537
257375985
259651747
257364298
258174479
259552390
258073206
260878139
258479609
257446098
257476904
258520573
257352059
258225651
257467606
258050671
257799281
257392561
261223119
257367655
261412969
261056622
257299454
261338849
259220164
257503661
259918653
261077678
257383866
257406881
257293341
259723399
257893365
259382680
257721458
261315384
260559404
259278036
257920141
257429441
261297386
260964696
261128481
257863967
257305881
259305217
257324286
260899540
259033121
257485341
257524270
257416291
257779530
257324118
258039526
261386217
260052663
258677102
261017708
257461467
261125242
259412139
257363943
261066306
258885079
259067691
257331461
260076830
257316298
260827595
257404566
257304451
261311175
259227773
258693157
257334117
260881580
258473081
257436187
260912023
261285579
257483790
261267800
261069587
257711783
258551532
261036297
257859655
261249202
261097211
261395659
261165156
257437570
257875824
261204752
261252202
261059325
257351033
261374465
260386290
257321169
257569787
261194696
257496596
257384066
259147254
259414153
258401303
260063835
257589375
257324614
260544302
257696411
257931961
257291377
258881802
260477048
259102304
260899533
260074086
257440958
257464803
258447999
257397574
257393835
260164530
261412326
259660880
260365382
260905725
259176173
260995606
261248078
260945831
259880032
261242933
257387697
257873878
258450866
257415396
257460978
260824246
259112475
261247751
261407581
257955319
257605857
259762930
258665665
259357006
257513887
261207888
257302294
259689264
257873202
259187364
257478194
258601967
258187468
257368532
261043169
257558030
258209314
259119886
259143884
258040308
257926313
261334228
258153926
258102235
260802996
261129010
259775749
259366015
261114611
258057394
258119911
261358134
257890681
258589427
261275504
261147453
261278160
257454385
261308678
261229574
260857306
259747238
259874394
261379917
257500439
257758006
258380356
259059381
258070794
261212547
257987643
261377356
258234597
260948033
261289400
258717933
257361550
260977254
257456944
261131562
260418947
258847329
259184013
258013655
258935552
261384736
260718759
258104136
257521765
259512490
257515479
258760509
257321834
261359282
261215583
257847533
260996313
258215679
257474356
258234609
257906439
261366767
261288883
261072523
260463494
260161397
259248235
261358333
260216983
261281812
261085963
261336184
257396722
258045852
257372931
260801998
260836595
259085340
259128411
257440415
257323199
260180796
257601628
261048889
260766222
257631611
259837368
257715739
260920330
259398190
258107274
257740899
259072216
258521014
260117478
258599556
260054216
261148846
257301566
261383391
261171788
261024186
259574676
257648097
259833782
261386991
257472262
258016476
257428215
257363271
257667003
261026898
260892486
261371286
258707549
260854737
259256131
261103504
257742707
257468177
258110257
260157468
257463142
261105498
258474499
259125626
261312388
261194232
257857487
260272331
261199994
260910070
258673184
260806297
261021556
257790540
259339087
259188792
257896997
257709281
261145138
260564779
258739374
260983724
261328340
260878782
261283268
257808780
259650683
261019558
257494910
258620959
261387769
258535308
258585452
260422361
260133007
261192266
257620171
257985044
261163078
260888205
257363675
261086443
261326082
257977864
261029816
259912554
259947436
258529088
260595942
258322637
257799023
261154718
260723443
258592273
258080260
260948590
257384354
257347112
260849792
257322821
260850199
260438527
257860840
259428737
261302692
257514801
261253001
258233791
260984372
260190895
261207167
258870304
258342082
258350010
261213663
259322344
258255272
257655697
257510418
258106701
257811702
257982441
261400798
257875727
261199394
260816097
257365721
259922841
261190271
257959227
261218527
259624274
261191188
261232134
261188145
261153090
257372992
258341360
261369904
260931753
261070922
259957918
259078173
259339465
257433688
261150018
260184118
260818673
261230154
258106147
260947328
257480433
258321218
257357687
260948394
259099629
261198517
261392394
257468146
257457805
257347571
260829761
257368867
258312668
257567808
257387968
258304928
261041712
257317600
260275516
261292702
257801228
259465390
257450778
257803380
261109828
257474751
257432738
260488194
259268859
259506656
260943245
261174629
261235963
261040494
257395023
257342280
259119979
261122389
257825064
260240153
260775881
257998572
258856783
259488953
261181555
260150117
257416747
261400766
257375382
257330786
257824053
257575710
260775595
261341879
261120249
260981241
257363890
260476626
257480828
261379336
260146532
260870384
259115166
258078539
261296569
259024439
257737758
261066259
257448956
260774094
257381332
261168654
257451950
257390445
258022529
257474715
261378693
258089289
261092451
257971496
258646480
259388172
261186845
261393412
257474516
257631576
257938807
257962526
257413709
258834318
257823362
257894869
258231720
257296624
261254376
257846134
257421398
260864677
260546837
257324371
261394126
257503436
260867861
261366392
261278674
259131798
258008044
257528150
260896135
261262327
261339978
257514210
258101375
260918822
258501026
258344551
261291129
257470775
261316111
260879295
258718167
258362629
257617034
257459074
260548928
257388592
258079884
257372203
257426552
258497420
260939257
261319224
258029842
260555369
257863309
258511319
261013070
260919135
257344496
261394647
261229770
259732831
258322883
259178150
258371866
261327078
261124353
257917645
261009172
260943861
259702597
259622932
257362381
261064584
257470646
261235176
257358280
257872393
260568778
258832316
260274640
261214386
261277867
257352642
261255130
259282618
261028648
261076901
261107109
257390517
261087607
260966236
259148878
260939864
257683234
258257513
260982837
260808704
261208501
261172095
260984618
261274639
257428655
260442101
261221329
257417077
260981090
260845025
261311583
261210917
257444675
259843826
258476628
261111278
258165340
257595584
260309657
260901051
260644357
261185208
258778391
261074694
261038260
258471952
261250091
261409119
258842924
260027229
261332676
258119041
260919246
260868478
261145512
259658613
258495212
257838358
257475787
261246097
261311983
261249278
261014199
257980933
257486132
259089841
257416524
257603655
257886616
257922577
261068659
259277249
260799494
260696585
257907885
257384659
261245120
261362436
261001328
257824083
257890584
260432811
257324331
260822985
257666439
257734058
258957878
261083395
257378214
261343084
261109970
257896900
259801517
258302200
261152450
258171635
261285672
257332043
259088917
260946511
257383301
259924173
259043392
257364962
258766826
259384111
257311089
260299804
257883184
261040199
258940788
257513801
261395653
261180823
260561783
260797146
257396500
260903028
261334028
259182902
261225783
261158783
261295237
261204896
261000873
260903003
261306868
257863922
260915853
261145199
261051958
260554919
257465098
261097593
260843268
258002980
261073373
257689973
257377031
259851301
261283619
257764173
257684543
259226335
258566343
261369707
257667960
261075189
260989047
261398341
257473882
258256373
257298032
260843541
257668007
259353685
261112631
260909546
259421840
258019132
261304732
260133193
257361171
257318837
261121253
257399026
258136183
261158932
257569715
258084400
260850601
257472440
259301927
261259078
260765454
258948094
261303516
258091747
259992202
261218351
261118304
261293739
257302578
261244419
258620077
261115154
261012776
261117237
260883048
261167516
257455920
257352701
259379820
257348436
259976095
257352826
257536055
258779637
258198674
261411836
261185185
261321758
257536378
261256948
257881657
257538958
257420176
260996873
257941588
260814958
257679756
261303784
258246448
257407230
261297271
257428561
259214425
257793822
261348289
260710539
258678832
261187061
261353761
257410265
258477935
261315755
260057640
261245024
261299885
257372287
261200096
260666075
260801937
257731544
259359710
261270997
260907472
261220066
257856405
258037568
257730482
257794063
257970881
259839112
260885780
261273745
258170475
260826400
261317415
258714199
260029969
261293169
260901917
258421099
257416691
257434848
257530762
257709422
257437764
257381333
257413124
260883407
261206445
258357883
258000783
259225214
258416825
257743412
259447954
258900255
261191591
260555841
258639671
261123995
261055593
260919891
258792682
260892897
261152831
257298269
259224641
257598220
259204897
261028724
258563031
258360567
257641006
260855061
257854363
261385134
260911422
257340035
258282134
261313368
257679631
261406235
259964028
260090754
257334013
259155244
257297008
261250202
261321542
260576469
261032340
260897258
261012950
259010269
259067588
258942695
261235346
259161855
260870973
259627595
257459479
257732657
261063677
257688015
260861207
257538016
260949160
258551498
258823297
257443442
260085465
257930924
261359381
260917823
261189799
259146510
257600120
261011569
260830885
261145126
259582010
258869810
258304797
257545365
258653099
257937386
261146957
260103290
261074263
257954167
260836961
261001984
259969996
257722091
261399152
259035368
257669329
257584620
261371692
261260672
259841749
261193841
260529481
258839750
258536358
259701179
257358873
257436703
261164603
260843853
261315256
257638099
257443346
257477144
261196758
257878144
257389344
257309116
259094419
257446565
258176717
261339767
258334140
261039112
261170732
261366705
261165431
258090869
261198265
261350725
261149787
261012023
259561624
259573124
259936086
257424022
260285947
257705024
257434600
260896956
260888954
259485309
261327730
258112251
261218149
257407060
258143132
260869450
259051248
261298824
260096590
258033429
259018596
260997957
258039784
258688144
261188668
260193461
261312273
260894480
257440020
260854408
259384839
261198423
257300480
258256600
257648192
261344699
260773476
260890678
258410499
257310441
257379729
257892388
259864057
259879203
260875838
261263722
257302769
260854657
261034560
260907343
257374595
261266360
261084433
259082596
257367643
261093331
261369617
258494805
259457689
259507591
259297433
261278259
257394493
260936547
260982223
257451081
258015730
261372496
257408350
258509414
258196177
258122240
257502012
257489898
259472376
257447889
261383430
258573380
261203764
260833771
261050808
261333868
257639582
261204506
260966366
261309570
259927230
259040587
257478279
258395984
257293412
261254413
261300957
257442130
257301552
260882016
258214837
257429170
257349292
257305248
260314123
259833975
257378484
258810259
261330766
257340592
257623161
261207645
259000589
258142816
260205831
258852953
260924373
257970579
260506851
261198276
258522385
261056707
258393389
257964277
261195622
258528657
260442639
257924107
261007309
259108893
260133157
257427291
259051614
261173262
259867129
257474143
261191194
261342786
259692155
260973712
261384334
261402452
261246391
257933073
258245786
258162919
257814096
257394851
257555087
261311849
261244481
257451032
261379316
257383340
257522579
257562719
257549499
261292583
257371109
260844179
260670381
261179980
258097711
257938553
260844252
261102319
261150348
260838148
257478601
257383318
257456974
257417729
259143126
257909310
261287527
258425753
257304150
260892941
257547705
257420668
257461764
260973723
259102579
261156334
260831800
257353488
261077389
259766893
257417491
258352618
257305823
259730822
258755528
260830719
259339018
259162737
261040378
257583776
258224033
257379622
259239632
257349078
258960104
259274788
261134505
260946353
259268203
261050334
257890514
259739524
257359164
257779397
257475346
259619569
259004607
257940108
261205704
257294597
258629952
258201256
261346995
259688837
260895760
261153854
257425777
260271862
257456871
257318756
257379787
258303003
257874831
257337358
258117174
259925162
257339928
261307484
257716140
257339191
260907748
257421287
257337245
257394376
257910239
261405288
257957993
258012271
259149467
261369873
261179694
259687533
260807693
261250806
260838390
257398039
257332069
261051943
257418459
260861041
261171971
261208325
260851324
257438359
261187506
257308350
258181413
258895534
257393863
257376637
261328678
257841053
260599878
261196462
261115438
258713924
259354060
260948435
259485135
259450526
260818063
257926180
261307720
257829863
261028290
258193625
260899993
260675691
257328821
257345185
257866094
261238660
261342622
257809305
257391252
257862830
257385180
260978947
257633165
261061732
258259970
259354197
258074418
261199237
258829076
260910788
260848168
261061050
260353452
261239244
261215878
261065055
261324662
257468381
257344145
260432948
259820444
259107766
259253499
261170796
257360758
261245018
261027242
260535304
261158051
260462997
260810720
260857975
261248593
260980580
257846375
257859011
257460189
261054437
258238669
259158846
261102380
257832838
261218847
261329219
261254025
258762572
257954176
261283305
261075929
257389857
260962981
259215061
257948128
257821673
260393115
257376821
257445928
259039263
259034326
258564892
257959595
261272283
257315600
260827513
257747312
261204611
261371769
259341503
257454810
258766126
258139864
261261584
257358241
260893009
261162257
259659721
261017929
260801883
257537720
257690844
257790551
261403855
261122221
257622128
259637874
257388817
261081608
257413169
257537220
257639896
258812612
261035250
261067996
260672531
257387396
259498784
258138977
260728643
259782347
259850432
260751970
261219919
257353693
257774046
258176424
261265207
257791948
261111264
257612166
260831424
257996893
260509499
260093434
261205391
261257597
257477512
260864380
261117500
259495643
258776377
257596562
261190637
260413035
260803619
257427605
257329428
260993389
261090086
257338402
261203744
261289157
257857212
261064387
260952672
260807048
258873016
258631334
259661918
261266209
257387249
261151031
257410922
257660898
257736469
258467721
259656131
258000532
257464583
257784141
257828005
259331464
261336118
257995191
257746219
258289544
261237678
257664588
259595210
260817754
260555626
257818660
261115724
257945807
261273667
260999891
261291575
261217006
257901642
259200711
257743735
260842143
257647528
261245952
261346711
257365073
261394476
260847273
259829123
257316169
258722421
258336474
258136585
259861845
257466840
260611346
260588949
261383787
260991639
258075640
259393002
257363687
259048875
257356477
258356264
261093904
260877443
257405090
257328486
261291073
260506964
261154239
257483378
257763632
259839309
257370039
258157153
261271456
261377681
260808876
258455705
261037149
259173236
257315836
261389195
261328714
261063089
261080697
261393259
260919132
259123424
258127933
261200431
257488573
257448021
257836497
260823587
259098332
257431886
261365340
258220361
258526457
260136304
257313355
261212660
259903095
257855552
258897478
259256838
260870266
259279821
257465539
259146977
260963528
257341042
260274322
261389745
257549610
259895233
261373632
261129649
258164998
260470330
258450690
258139990
258123192
261215314
259965106
257878028
261291532
257564986
257337213
258048639
257395222
261240336
257687535
258300734
261165749
258194637
261255348
261244329
261245569
261374457
258327301
258219947
257438223
257831776
258754645
261102443
258137343
257469362
259221175
257377171
261294582
261162953
260844901
257756191
259540122
257347720
261399188
261000931
258726556
258719721
261265850
261259860
260537655
257376052
259689218
261369382
257297206
261028405
259223894
257340223
260988273
261086929
261181765
261368338
260917121
258219931
257354860
257393613
257416827
257994684
259191227
257382775
261236482
257449411
260269563
261289486
261092270
259712880
261034503
259208540
261280040
261330831
261194162
258197892
260992183
261402741
261257686
258882188
261266121
257433893
258282328
260970346
260949787
259384757
261180789
259376417
259478484
257456575
261216003
258068874
257292557
260897176
261290905
260957588
260173795
260803297
258163218
260992491
259995354
258620615
258752950
258167767
261164911
260920977
260989755
258804170
257294095
257522192
257446153
259153952
260822120
261413597
261064317
261027261
257401145
259011447
260937916
257810946
261301484
258578949
261405941
258199983
260632209
259812569
261334334
257510413
258038510
259935989
261016033
258222647
257444162
261349761
261372840
260215219
258792067
260874343
257438523
258888880
261236726
257757865
257821612
261304038
259924939
258776616
261155801
257703095
261068205
257436189
257371528
260826160
257784164
261058180
260958001
261086269
257722495
261080891
260988901
260968046
261185343
261230000
261313969
260367551
260356223
259598866
257363813
258071247
257344170
261270462
257325153
257424974
260882769
258622818
261280455
259759530
258085360
259353240
259235636
257892638
257626035
261259187
258748660
257451005
258922544
257777479
258882037
260914849
258194643
260906247
257576353
257363370
260893394
259729504
257613830
261051403
260996602
261406109
257605066
261358702
258274412
257443433
257478722
259114266
257392957
257291957
260059701
260840945
257424707
257316904
258599355
259795284
257435248
261105346
258626879
260908446
257553573
258762752
261128877
257912404
257435023
261392367
257390385
260937716
257456835
260817709
260044177
260933921
257540745
260897942
258699669
257912920
261330793
261185992
260849239
261289179
260749807
257320508
261242407
258867325
261105784
261251491
261083241
261304589
261026815
261105316
261335539
261365129
257876848
261372116
258647601
258344488
258273191
259940811
259017393
258214499
259928389
257377433
261162290
261074567
257294247
260831334
260886854
257398070
260815727
257299886
257323700
260966033
257553222
257472265
261313293
259017116
258161954
258475004
260937498
259920443
257422289
258654154
260990412
260882173
257657296
261075712
258501747
261228549
257562504
257442771
260058112
257719570
257421403
261102224
261211808
260905988
261397801
257998994
258043968
260889397
257782854
260884460
257994080
259348225
258066328
260338746
257460172
261149063
257565796
258873942
257481560
257344277
260991636
261242257
261058067
257990530
257379846
258192762
261237284
257966327
258128059
258949358
257863370
260781009
258171580
258193534
257819284
257676928
261374707
258088766
257359614
261210602
258249983
258205848
257349052
261373621
260340009
260717402
260322985
261335831
260909085
257823988
261292466
257663956
260861735
260229648
258244767
260915106
257299111
259671435
260112367
260837209
257394806
259065907
259626155
261008218
261199357
260960648
257485185
258201204
257398298
260844321
260758067
258071189
260906299
258385854
257371960
257631982
258175003
261153295
260242960
259722556
257434447
261158955
260994740
261152166
260255942
261121064
261052143
257451189
257326934
257725526
257453818
261369642
257374071
257770597
258159637
257649553
259296787
261069956
261012747
260988798
258280529
261240997
257637488
258517490
261184018
257458189
259586503
257591581
260991072
261171997
260813564
257980423
257350436
258107605
257936910
260971229
261276560
261173066
257905010
261337300
257341093
260454336
260967321
261389776
259684680
261091837
261128591
261065759
258911532
258473052
258656083
257868928
257492834
257468894
257338176
258687052
261353411
259753815
261178360
257311854
261026619
259548749
261029614
257442521
261009983
261096360
259767444
258172291
260353796
258847333
260441338
260993101
260940870
260804531
261398361
260554231
261024593
261229080
258023004
258145130
259667833
259672324
260922856
258078443
261382476
259922980
257427118
260576039
259065317
258394072
257586377
261218858
258478875
260648323
257810257
260562696
257420042
261404087
258137945
258155739
257470637
259959143
261123910
261336143
261197474
261021240
261083540
257426062
258146102
258126025
260295498
261310050
257360136
257316654
261408211
259179856
257904448
261119150
260092746
260811887
258129643
259136764
260921803
260828571
257409744
257685870
261150544
257417509
257384533
257350737
257898793
259962094
260950180
258253747
259190210
258764339
261322999
260844358
260056752
260862149
260646360
259890135
257445934
261015585
257410015
257349853
257700796
261194201
257706519
259994699
260023173
257586532
257488134
257466807
259707755
257473080
258118129
257379748
261060189
258576653
260348309
260008552
259929414
257386694
260941243
261130108
257404397
257397230
261191779
259372957
257807433
259567933
260165762
261290759
261130262
261404994
260823238
261147279
257425519
261125277
257340636
259547732
257848546
260845268
260909061
261272463
257347809
257454181
261339784
261273176
258209381
258747523
260075251
259036807
261198247
257451505
257321298
260824599
260263468
261006820
260247466
260014474
260972314
257487937
260867393
258098240
261119580
261262763
261248723
259211602
259339094
261197995
257877973
259304836
259733316
257451030
260849355
257980998
260842149
261143869
258824098
257371910
260919021
260470210
257435656
257488542
260878559
260873984
260919547
257318657
257929265
259000515
257724135
257468756
260306291
261091930
261238554
261198242
260835528
260087814
257465286
259715800
259324815
261210104
261083536
258758294
261382809
258173714
260989804
261191212
257928773
261275126
261327912
261286180
258205802
260991099
260962791
261381132
260973422
261186405
259645901
258689946
261074375
258015086
261203140
261205758
258277346
257326555
257617052
257737632
260939941
257393338
260831988
257401181
258146840
259932902
257435257
257677154
261022665
259181905
260974911
260820483
257589769
257669144
259602269
261398269
259131328
258049517
257586252
261004718
260560960
259151703
258210171
261411228
258940288
261252952
260024202
260811418
257372597
257352243
260909569
257529800
257411147
260978792
258580948
261056165
257968072
260897838
260933870
260829697
257460749
258005342
257402902
257499653
258090583
257673873
258119624
260837787
258073304
257570460
261114709
260820215
260995143
261410395
257698383
259407494
257834121
261292954
259617112
260951574
260938831
259885069
261298053
257477026
257366014
258144752
258100528
258080465
257961590
259119232
260911146
257427327
260944573
260982352
257856098
257439333
260167887
261045957
257784675
257292452
257864434
257469343
257366563
258031811
257399490
260974656
261210670
258075127
261010266
261228617
257322865
261100485
261126823
258383865
260851204
261152411
261311333
258187424
257897275
257918124
261316511
261121756
261337427
258990404
259327974
258111448
257451695
257455443
258735013
259374058
257945116
260806149
261372039
259923846
260917370
258203289
261176836
258732731
261350537
258564762
259935474
257656861
260978720
257486747
259873132
260844944
257445315
258782231
260945230
257455193
258980891
260789192
257852829
260833649
257489182
257454517
260919245
260240992
261170924
257396440
259927842
261001376
258304766
258214801
259636758
261392597
258990532
259911604
257829820
257833896
257464026
258294720
258923307
257416567
261233480
261223383
260575476
260666929
260376387
261316979
261306342
261270760
260407384
257345921
257838893
261257779
261114352
258058839
258488776
257330549
259062154
258051514
260154188
257366752
261227864
257933182
260790045
261395959
258876440
258424035
261188265
261268378
259172621
257807659
257460482
260403042
259793697
259842281
259184963
257433866
260837694
259785821
258952206
261135648
260974634
261067166
260832499
257879786
261276609
261165206
259490127
259458951
258003222
260875643
260928109
257381725
260200937
261391459
260802902
258260109
257628949
260330737
259183185
261392391
261395235
261070684
260822272
257769290
260850967
261226370
261186073
257843343
258777185
260867790
261392893
261339817
261320155
258032443
257660453
257468640
257436502
259640776
257970028
257340849
260689460
258957021
258462807
261212203
260903192
261190487
261368225
257752247
261375719
260242963
257561491
257355969
257950380
260826978
257411389
257328945
258167217
260439721
260346075
260125134
261137508
260971719
261191081
261374344
260063665
259358733
260917451
260931691
260202960
258445952
257472006
261262690
261272761
261412029
261254350
261215909
260888633
261122193
260983838
259354096
259775731
261298004
260053740
261005898
258011641
257336289
261060668
258071836
260997340
261222104
259967229
257450973
260822611
257319099
257964092
260963404
260993844
257317598
258016184
258013228
260846785
257391995
257709151
261094188
261051563
257484449
261328101
258323417
258220251
261110134
257317991
261009072
257339485
261067915
260941246
261193147
261012654
261040138
257866035
259380747
261084482
260116148
257859721
261118241
257884420
258403867
261289281
259927142
261096266
261296281
258664754
261229423
259177690
261277658
259831706
257419586
257397902
257337335
261110148
261153714
257445446
261110308
257926195
257400094
257833611
261258633
257872050
259884326
258027033
260105425
257366866
257838713
259378713
261017962
259440367
260979853
261172635
261354707
261047683
261156408
257326362
261395931
258245782
260812991
257813491
259068166
257596503
258790007
258156007
257351558
258696122
258122815
261070139
261104096
259292300
257303794
257847560
260978623
257600226
259944977
258800988
260988959
261059471
260837974
257973020
257305253
259775402
257350803
257732461
259498323
258961083
257353794
260817113
259784855
261096399
260947394
261084320
261301761
261047584
260974381
258969012
257705335
257609913
257794492
257314752
261228056
261407028
260841672
257986784
257331932
261120780
260889461
258474688
257381244
260962301
257397954
257477164
257783313
257665882
257475098
261409712
258637789
257468499
261317119
260028150
261353966
257454307
261118077
259466518
257483856
257479774
261149620
259364505
261090983
261196581
257677153
261121278
259335149
257557322
257328225
258357826
261019329
257296094
257300422
260929327
260553651
260930329
260984409
260824773
259402432
258975327
258002627
257669800
261366138
258430866
261186781
261367468
258824100
261277589
261352532
257672502
261282838
260981129
261276661
257978037
261369321
257694659
257414661
260921785
261164953
261189881
259098805
261118735
257724785
257488965
261396610
258650468
260438397
259213035
260501401
257300466
258530801
259484299
259730039
257439771
257510723
257467945
260884673
261129741
257310922
258331589
261382863
257849420
258923945
258376480
257459679
261049987
257667359
258028153
261354768
261414036
261074426
259684143
258076826
257448900
261092810
261236963
257394815
261385762
258932181
258624242
258253848
260875651
260892293
261022074
257572297
257682186
261174593
260880669
260860679
259126545
258253217
257855159
259808846
260851638
257571552
257379326
261076812
261232288
261344037
261029915
259557511
260683347
259395005
258342478
261053170
257319061
260913765
261369996
261156348
260814793
258080815
259902368
258743430
258071531
257586069
261304154
261327402
257457540
257323275
261061492
257394693
259020843
257920107
257357603
257360684
261333987
257941974
257673559
261412400
257459118
260273864
257291728
260492664
260860723
260860950
258064358
261198117
260997507
257703385
260983587
261002091
258343950
260816881
261379414
257469485
261413793
257994112
260942069
257770052
258108207
257843778
258121773
260338244
257569578
258158495
257413679
257506617
258180193
261044636
257790332
261408553
260074382
257328330
261161030
261108814
257383554
257453480
261000846
257307614
257326563
257378965
257579992
259106258
261366273
257998045
257448503
260035911
258173246
260915851
261111778
257390153
260895751
261390895
260886993
261237080
259351012
257300815
260267733
261232519
257680596
258735299
261037895
259374696
257456743
259937610
261152248
257479809
258344638
258261396
259523221
260969121
260959657
260975361
259290578
258071685
260853760
258079887
260652420
258606648
257682930
257417170
257912408
261009579
261044193
257295448
260698655
259672834
259088965
258968840
258087223
261006407
257502464
261147696
259411486
260065257
261266171
257922917
261105455
259723900
260845412
257506286
261113199
257480326
261387462
257394275
257296626
260838145
260101554
259740229
261297360
260904944
258081600
257397414
258222604
258144673
259797005
258148769
259138146
257308166
260976406
258495816
261232776
258332899
261048744
257370083
257846966
258650551
261243647
257397811
258834342
257890019
261274656
257769864
257598450
257304211
257721758
261209196
259682752
260231892
260948597
260210383
260830151
258366623
261011692
260919399
257957360
261201012
258787841
261354835
261169395
257444756
261186902
261385820
257399069
257335359
257343265
258646767
257353372
261348781
257491356
257333898
258042246
258972227
261023747
260826824
257731155
257322130
260007437
258128398
260963936
257492757
260998170
260912464
257833156
260979094
258192801
258733368
257764324
261197629
260959500
260370109
257709967
260198159
259184205
260851358
257449358
261036083
257572568
258943562
261108713
257643212
259166199
257435715
261412749
261383919
259144218
257404376
261062670
257297969
261277645
259988376
259784725
258795890
258100175
257300331
261205285
260895476
260947075
258439877
260903841
261038389
259531279
260837819
258973779
261185802
260919104
260781802
261088495
259020140
259102811
257764879
260350412
260967241
258621950
261393600
257423402
258080368
258290639
261368229
258726562
257816679
257322952
260830954
257858245
258335508
260940182
260247638
261296624
258010090
257401605
260924623
261175626
261211469
257334574
257780168
257797896
260822682
257843956
257457567
258470657
257751019
258721230
259134497
261095368
260922635
258347185
258864559
261091668
261239320
261174063
257923701
257465113
257420299
260880357
261412620
261144216
257376953
260982711
261060681
261212706
260449199
261229324
257369790
257414896
258893527
257952841
258146314
259181766
257402656
260982166
260832395
257371413
259644497
257416440
261180537
257477511
257442108
258264805
260746525
260866886
260881563
260178113
261399236
259222037
260218151
261002896
257824678
260552627
261197707
259612176
259991808
261378050
259868597
258157373
260918868
260911399
260074021
261128919
257433853
260098254
261167747
259435316
261015789
257521713
261140161
260996046
261194210
261015885
259144074
260998290
261128248
258757441
259136933
257998665
261320277
261334082
257683541
257337584
260435309
261142300
260965912
260801346
257438544
260907193
260056511
259789495
257405124
261070125
257958178
259329866
257487060
257433008
259102768
261023368
259111666
261361048
261270551
257317639
261119064
260781059
261135623
261047873
260835964
261191256
257444422
260976642
259902262
261263655
260773814
259474100
257397308
259591666
257737735
261404427
258363650
257953447
261229536
258539587
257485265
259239693
258186999
261259759
261413358
257465411
259863934
261175905
257391253
261369826
260363793
260802557
260953959
259956515
261389089
261147688
261180183
260874922
261294118
258524176
260980272
260960203
260517572
259640590
257884711
257697875
257858846
261284530
257565918
261227899
261279014
260919392
259565477
260153118
258192672
258277877
258933391
261369595
261200743
257320190
261334370
261254953
260946497
261238894
259384829
261235293
259074516
261355359
260867041
257546912
261266648
261395061
257642612
257648029
261317512
260984165
259069204
261108892
257999024
257408887
260899464
261241611
259477251
257493725
261238550
260573395
257406528
258568009
257384457
257876095
261023426
261241398
260951141
258109227
260346386
258069806
258001896
260495326
258271757
257428599
258976191
261200325
257730930
259543180
259196948
258576591
260959790
259026186
258356485
258252292
257382853
259909664
261156481
257453068
261158898
257369195
258251803
260922882
260346940
261115857
257462975
260898374
261186986
257453422
261118493
260984475
261390262
260925593
261303992
258221191
260907515
261110717
261303667
258615624
257932329
259003542
257544048
260964435
261164808
260575710
261372877
261304734
259373707
261161804
260804606
259221844
258103615
260823769
261243306
259072344
257472628
257331567
257526106
257583894
261351799
258636096
257933300
257687184
260599181
261321781
258981771
257383093
260821923
259933968
257470899
261411691
258786518
260856271
258167986
258118799
257304629
258036432
260992833
257457653
258015486
259185147
260931299
257482287
257293604
258254954
260812709
261412967
261169801
257338218
260893465
261240992
258035010
261319743
257631816
259513900
261376314
261025724
257385335
261085163
257698015
260869574
258231235
260888921
257296461
261334191
257429515
257319218
260665889
257682087
257387271
257944811
261090220
261070799
258062245
260858992
257298497
257476129
257417963
259895440
259745069
258577293
258907772
259189767
261306623
261317249
258557170
257412204
260842086
257473688
258075740
258128655
259316605
261190357
257391710
261349853
259199848
261119032
257794039
261410231
257329799
261181803
260972821
261389658
258456469
259347636
258858308
258231038
257951473
260183280
257306848
261014361
258954626
258172086
258263250
257396244
261066652
260400514
261019207
260021561
261295415
257770914
258822138
259824677
257333555
258861864
260926370
258974339
260885883
261131267
261196917
257417939
260967927
260808431
261246730
258644211
261380738
257468388
258687070
260919023
257396104
258683774
257477128
261230277
261352967
257638062
258855834
258163050
257470460
261367933
257604323
257425638
258252110
258687854
261017734
261257435
260428407
260983003
257912460
258892217
257651935
260881937
259170617
258743505
259360901
261299647
258213275
261189142
259238826
257351927
260276835
261127162
260785832
260834566
260468785
259443540
258101592
258041169
259552944
260214742
260536190
257786405
258394277
258002215
261347191
260978427
260834562
260702334
257477694
261316263
261394989
259984860
258285992
257461481
261336312
261191749
257568496
257951547
257887800
259096441
261311086
260960219
260886199
260941162
260275795
258537046
259194372
258428778
259738858
261236922
261359135
257313006
261397906
261161274
261210872
260605282
261205141
260907966
261054973
261003365
258368160
257314652
261079158
261365360
260912850
261184534
259191467
261384785
259945078
260289277
261163055
257517601
258659131
257298502
261080507
260858085
259425818
261198253
261300377
259122017
259708161
258153740
257385819
259483536
258267643
259967825
257952259
261182108
261358883
260626295
257296678
261047997
261065789
260858350
257851606
260853974
257428817
258125902
260257665
261220754
260983143
257475790
257349097
258021378
258228504
257982728
260931711
261247045
261319299
260864325
258223515
257306302
257775702
260833580
257342268
260881376
258249968
261317501
257450219
257805337
257694086
261396853
261347434
257299161
258180878
257570550
259133730
259996003
257294899
261217572
261364640
260118916
260810821
258069296
259046570
257425625
260979263
261099448
258888879
257541415
257360570
260125815
261327292
260821047
257435163
261111786
261317482
257479563
259208401
261067815
260024901
258007034
261383099
261060028
257520855
261074882
259230737
257838436
260606677
258868603
260997142
258274059
258011257
260957377
257438736
257331112
259335203
261291802
258148536
257884370
257444770
258006086
257454376
260612373
258403922
261413679
261179310
260822469
261377998
258572092
257862797
257402256
260846076
261186706
261193402
259298270
260827586
260884565
258209862
257361644
258387907
257442076
261066254
258615995
260999176
261184677
261100182
260434806
258932526
261330113
258664627
261052707
258915060
261191032
259868656
257950553
260523164
261116359
261256049
257322578
258906809
261185970
258318114
260810480
259938161
260880322
261218955
257804656
257425617
260935616
258402606
261243894
257341982
259962162
260929468
257634656
257623619
259027040
257360596
261040156
260989259
261084175
261355964
260522566
258683766
257818222
257754597
261020792
258648650
259156592
257451115
261189903
259538412
257768260
258967859
261371807
258310319
257352764
261378321
261057635
260979802
258095875
258684253
257324483
259867704
257363371
260898606
257705016
260547118
260355562
261245740
257469005
261332829
258290217
257359274
260999351
260969485
260717534
257462931
258974810
257509515
261346324
260938245
257866099
261183988
261202815
257407404
261056853
257426349
261093271
260397611
258292136
258114944
259948822
260972416
257428759
260626857
261246007
260106977
261307204
260831268
260881644
260917757
260917712
257324894
261405819
260142352
261206585
261337079
258286442
259079916
259244163
258726721
259054912
259206081
260836228
258107063
258381242
257509882
258226715
260939171
260945023
258176696
257750322
257473037
258457389
261168360
260932033
261374183
260969006
260933900
261161439
261069789
261119677
258214217
257361683
257411558
260408823
257432916
258760810
260467953
259507542
260855326
261355291
261252899
257387416
257717236
258860219
259226917
261327382
257877691
257430127
257871045
257426129
261178884
259225507
261263082
258838481
258151504
259110950
260810042
261203022
260118019
257527411
